MEME version 4.4

ALPHABET= ACGT

strands: + -

Background letter frequencies (from uniform background):
A 0.25000 C 0.25000 G 0.25000 T 0.25000 

MOTIF MA0151.1.JASPAR ARID3A

letter-probability matrix: alength= 4 w= 5 nsites= 20 E= 0
  0.000000	  0.000000	  0.000000	  1.000000	
  0.037037	  0.333333	  0.000000	  0.629630	
  1.000000	  0.000000	  0.000000	  0.000000	
  1.000000	  0.000000	  0.000000	  0.000000	
  0.740741	  0.000000	  0.037037	  0.222222	

MOTIF ARI3A_do.HOCOMOCO ARI3A

letter-probability matrix: alength= 4 w= 21 nsites= 20 E= 0
  0.681818	  0.090909	  0.000000	  0.227273	
  0.113636	  0.000000	  0.000000	  0.886364	
  0.159091	  0.000000	  0.000000	  0.840909	
  0.954545	  0.045455	  0.000000	  0.000000	
  0.931818	  0.068182	  0.000000	  0.000000	
  0.477273	  0.000000	  0.022727	  0.500000	
  0.000000	  0.409091	  0.227273	  0.363636	
  0.295455	  0.181818	  0.431818	  0.090909	
  0.500000	  0.045455	  0.363636	  0.090909	
  0.454545	  0.045455	  0.159091	  0.340909	
  0.727273	  0.000000	  0.090909	  0.181818	
  0.136364	  0.045455	  0.090909	  0.727273	
  0.159091	  0.568182	  0.045455	  0.227273	
  0.727273	  0.000000	  0.000000	  0.272727	
  0.750000	  0.045455	  0.000000	  0.204545	
  0.954545	  0.000000	  0.000000	  0.045455	
  0.409091	  0.000000	  0.045455	  0.545455	
  0.113636	  0.136364	  0.090909	  0.659091	
  0.522727	  0.136364	  0.022727	  0.318182	
  0.613636	  0.068182	  0.000000	  0.318182	
  0.659091	  0.022727	  0.068182	  0.250000	

MOTIF ARI3A_f1.HOCOMOCO ARI3A

letter-probability matrix: alength= 4 w= 6 nsites= 20 E= 0
  1.000000	  0.000000	  0.000000	  0.000000	
  0.000000	  0.000000	  0.000000	  1.000000	
  0.000000	  0.000000	  0.000000	  1.000000	
  1.000000	  0.000000	  0.000000	  0.000000	
  1.000000	  0.000000	  0.000000	  0.000000	
  0.829787	  0.000000	  0.000000	  0.170213	

MOTIF UP00078_1.UNIPROBE Arid3a_primary

letter-probability matrix: alength= 4 w= 16 nsites= 20 E= 0
  0.210101	  0.218431	  0.353260	  0.218209	
  0.182980	  0.213084	  0.340966	  0.262971	
  0.218158	  0.203798	  0.187600	  0.390444	
  0.087071	  0.110887	  0.082136	  0.719907	
  0.043529	  0.095870	  0.045570	  0.815030	
  0.695645	  0.010408	  0.181644	  0.112302	
  0.886232	  0.003541	  0.004701	  0.105526	
  0.105526	  0.004701	  0.003541	  0.886232	
  0.112302	  0.181644	  0.010408	  0.695645	
  0.815030	  0.045570	  0.095870	  0.043529	
  0.719907	  0.082136	  0.110887	  0.087071	
  0.598597	  0.045843	  0.085320	  0.270240	
  0.469818	  0.282557	  0.057345	  0.190280	
  0.233954	  0.229161	  0.190290	  0.346595	
  0.267839	  0.231747	  0.133766	  0.366648	
  0.240560	  0.300738	  0.201112	  0.257590	

MOTIF UP00078_2.UNIPROBE Arid3a_secondary

letter-probability matrix: alength= 4 w= 14 nsites= 20 E= 0
  0.248646	  0.301261	  0.219934	  0.230159	
  0.256412	  0.342954	  0.245072	  0.155562	
  0.272754	  0.338198	  0.328556	  0.060492	
  0.373995	  0.152484	  0.388888	  0.084633	
  0.072916	  0.189056	  0.158990	  0.579039	
  0.811964	  0.071447	  0.101263	  0.015326	
  0.040888	  0.172829	  0.100771	  0.685513	
  0.178536	  0.579508	  0.209023	  0.032934	
  0.502338	  0.073826	  0.252643	  0.171194	
  0.348504	  0.097030	  0.274747	  0.279718	
  0.437867	  0.210964	  0.247804	  0.103365	
  0.248429	  0.088640	  0.177088	  0.485843	
  0.215645	  0.320917	  0.122076	  0.341362	
  0.198295	  0.099966	  0.334817	  0.366922	

MOTIF UP00078.1.ZHAO2011 sci09.v1_Arid3a_3875

letter-probability matrix: alength= 4 w= 29 nsites= 20 E= 0
  0.193476	  0.185890	  0.105125	  0.515509	
  0.145065	  0.118769	  0.092498	  0.643668	
  0.096032	  0.116127	  0.041875	  0.745967	
  0.375078	  0.068521	  0.319621	  0.236781	
  0.896756	  0.045096	  0.018152	  0.039996	
  0.000840	  0.000405	  0.000291	  0.998463	
  0.268416	  0.240456	  0.110227	  0.380901	
  0.260130	  0.287488	  0.221668	  0.230714	
  0.269467	  0.225078	  0.303823	  0.201632	
  0.258624	  0.197266	  0.258770	  0.285341	
  0.087870	  0.292377	  0.105515	  0.514237	
  0.155039	  0.170384	  0.428219	  0.246357	
  0.272615	  0.072523	  0.500449	  0.154412	
  0.045388	  0.920493	  0.002446	  0.031673	
  0.000000	  0.998453	  0.000000	  0.001547	
  0.857710	  0.001986	  0.061570	  0.078734	
  0.006837	  0.610357	  0.381029	  0.001777	
  0.121571	  0.585382	  0.021617	  0.271429	
  0.966132	  0.000000	  0.017979	  0.015889	
  0.000167	  0.000000	  0.999833	  0.000000	
  0.472236	  0.000000	  0.527764	  0.000000	
  0.005561	  0.001213	  0.563962	  0.429264	
  0.000376	  0.000000	  0.999624	  0.000000	
  0.001066	  0.004432	  0.976543	  0.017959	
  0.051932	  0.877843	  0.004328	  0.065897	
  0.569084	  0.001652	  0.421864	  0.007401	
  0.066566	  0.476710	  0.433747	  0.022976	
  0.104637	  0.397370	  0.064225	  0.433768	
  0.497355	  0.218928	  0.262413	  0.021303	

MOTIF UP00078.2.ZHAO2011 sci09.v2_Arid3a_3875

letter-probability matrix: alength= 4 w= 24 nsites= 20 E= 0
  0.188716	  0.184979	  0.113323	  0.512982	
  0.155493	  0.127307	  0.105278	  0.611921	
  0.091361	  0.141857	  0.057101	  0.709682	
  0.351820	  0.109193	  0.338025	  0.200963	
  0.739370	  0.095183	  0.061301	  0.104146	
  0.026167	  0.003836	  0.021857	  0.948140	
  0.293546	  0.240335	  0.092948	  0.373171	
  0.254166	  0.232290	  0.261907	  0.251637	
  0.243471	  0.238650	  0.288587	  0.229292	
  0.417943	  0.048230	  0.154140	  0.379687	
  0.331841	  0.062671	  0.197015	  0.408472	
  0.117371	  0.088964	  0.063211	  0.730453	
  1.000000	  0.000000	  0.000000	  0.000000	
  0.000000	  0.000000	  0.000000	  1.000000	
  0.047183	  0.230607	  0.000000	  0.722209	
  0.000000	  0.000000	  1.000000	  0.000000	
  1.000000	  0.000000	  0.000000	  0.000000	
  0.000000	  0.000000	  0.000000	  1.000000	
  0.047021	  0.256183	  0.009255	  0.687542	
  0.882899	  0.000000	  0.034987	  0.082115	
  0.138275	  0.198742	  0.139959	  0.523024	
  0.092522	  0.261147	  0.000000	  0.646330	
  0.227982	  0.063425	  0.222584	  0.486009	
  0.237848	  0.038866	  0.083460	  0.639826	

MOTIF ARID3A_1.GUERTIN ARID3A

letter-probability matrix: alength= 4 w= 15 nsites= 20 E= 0
  0.000000	  0.989529	  0.000000	  0.010471	
  0.727749	  0.020942	  0.083770	  0.167539	
  0.052356	  0.549738	  0.361257	  0.036649	
  0.157068	  0.439791	  0.115183	  0.287958	
  0.890052	  0.000000	  0.015707	  0.094241	
  0.000000	  0.000000	  0.994764	  0.005236	
  0.439791	  0.005236	  0.554974	  0.000000	
  0.057592	  0.020942	  0.539267	  0.382199	
  0.000000	  0.000000	  1.000000	  0.000000	
  0.026178	  0.036649	  0.853403	  0.083770	
  0.141361	  0.722513	  0.026178	  0.109948	
  0.424084	  0.005236	  0.471204	  0.099476	
  0.120419	  0.481675	  0.356021	  0.041885	
  0.157068	  0.335079	  0.036649	  0.471204	
  0.376963	  0.219895	  0.293194	  0.109948	

MOTIF ARID3A_2.GUERTIN ARID3A

letter-probability matrix: alength= 4 w= 19 nsites= 20 E= 0
  0.088889	  0.677778	  0.000000	  0.233333	
  0.094444	  0.838889	  0.000000	  0.066667	
  0.177778	  0.088889	  0.161111	  0.572222	
  0.000000	  0.605556	  0.394444	  0.000000	
  0.000000	  0.666667	  0.061111	  0.272222	
  0.005556	  0.827778	  0.005556	  0.161111	
  0.061111	  0.500000	  0.044444	  0.394444	
  0.011111	  0.750000	  0.000000	  0.238889	
  0.172222	  0.433333	  0.044444	  0.350000	
  0.083333	  0.522222	  0.000000	  0.394444	
  0.133333	  0.411111	  0.255556	  0.200000	
  0.066667	  0.638889	  0.133333	  0.161111	
  0.183333	  0.561111	  0.061111	  0.194444	
  0.077778	  0.644444	  0.105556	  0.172222	
  0.172222	  0.516667	  0.111111	  0.200000	
  0.083333	  0.583333	  0.027778	  0.305556	
  0.150000	  0.366667	  0.116667	  0.366667	
  0.055556	  0.700000	  0.027778	  0.216667	
  0.105556	  0.450000	  0.000000	  0.444444	

MOTIF ARID3A_3.GUERTIN ARID3A

letter-probability matrix: alength= 4 w= 19 nsites= 20 E= 0
  0.170455	  0.170455	  0.556818	  0.102273	
  0.000000	  0.511364	  0.488636	  0.000000	
  0.056818	  0.681818	  0.000000	  0.261364	
  0.000000	  0.488636	  0.443182	  0.068182	
  0.170455	  0.181818	  0.511364	  0.136364	
  0.147727	  0.193182	  0.659091	  0.000000	
  0.159091	  0.045455	  0.772727	  0.022727	
  0.045455	  0.534091	  0.420455	  0.000000	
  0.159091	  0.227273	  0.500000	  0.113636	
  0.000000	  0.534091	  0.363636	  0.102273	
  0.136364	  0.329545	  0.318182	  0.215909	
  0.000000	  0.079545	  0.920455	  0.000000	
  0.045455	  0.295455	  0.477273	  0.181818	
  0.090909	  0.295455	  0.590909	  0.022727	
  0.000000	  0.136364	  0.829545	  0.034091	
  0.000000	  0.886364	  0.113636	  0.000000	
  0.000000	  0.329545	  0.306818	  0.363636	
  0.113636	  0.522727	  0.363636	  0.000000	
  0.193182	  0.261364	  0.511364	  0.034091	

MOTIF ARID3A_4.GUERTIN ARID3A

letter-probability matrix: alength= 4 w= 15 nsites= 20 E= 0
  0.515152	  0.131313	  0.212121	  0.141414	
  0.868687	  0.060606	  0.000000	  0.070707	
  0.676768	  0.202020	  0.030303	  0.090909	
  1.000000	  0.000000	  0.000000	  0.000000	
  0.737374	  0.010101	  0.161616	  0.090909	
  0.252525	  0.070707	  0.262626	  0.414141	
  0.757576	  0.000000	  0.242424	  0.000000	
  0.878788	  0.070707	  0.030303	  0.020202	
  0.919192	  0.000000	  0.000000	  0.080808	
  0.828283	  0.030303	  0.000000	  0.141414	
  0.626263	  0.131313	  0.030303	  0.212121	
  0.626263	  0.181818	  0.090909	  0.101010	
  0.838384	  0.111111	  0.050505	  0.000000	
  0.747475	  0.040404	  0.000000	  0.212121	
  0.717172	  0.000000	  0.282828	  0.000000	

MOTIF M6147_1.02.CIS-BP ARID3A

letter-probability matrix: alength= 4 w= 21 nsites= 20 E= 0
  0.318182	  0.000000	  0.069304	  0.612514	
  0.318182	  0.023850	  0.136364	  0.521605	
  0.657968	  0.090909	  0.136364	  0.114759	
  0.545455	  0.045455	  0.000000	  0.409091	
  0.045455	  0.000000	  0.000000	  0.954545	
  0.203423	  0.000000	  0.045455	  0.751122	
  0.272727	  0.000000	  0.000000	  0.727273	
  0.225028	  0.045455	  0.569304	  0.160213	
  0.727273	  0.090909	  0.045455	  0.136364	
  0.179573	  0.090909	  0.000000	  0.729518	
  0.342032	  0.157968	  0.045455	  0.454545	
  0.090909	  0.363636	  0.045455	  0.500000	
  0.090909	  0.432941	  0.181818	  0.294332	
  0.363636	  0.227273	  0.409091	  0.000000	
  0.500000	  0.023850	  0.000000	  0.476150	
  0.000000	  0.000000	  0.067059	  0.932941	
  0.000000	  0.000000	  0.045455	  0.954545	
  0.842032	  0.000000	  0.000000	  0.157968	
  0.887486	  0.000000	  0.000000	  0.112514	
  0.227273	  0.000000	  0.090909	  0.681818	
  0.187219	  0.325828	  0.096310	  0.390642	

