MEME version 4.4

ALPHABET= ACGT

strands: + -

Background letter frequencies (from uniform background):
A 0.25000 C 0.25000 G 0.25000 T 0.25000 

MOTIF Atf2.HOMER 3T3L1-Atf2-ChIP-Seq

letter-probability matrix: alength= 4 w= 11 nsites= 20 E= 0
  0.239000	  0.195000	  0.379000	  0.188000	
  0.429000	  0.226000	  0.283000	  0.062000	
  0.047000	  0.025000	  0.020000	  0.908000	
  0.016000	  0.028000	  0.825000	  0.131000	
  0.750000	  0.026000	  0.105000	  0.119000	
  0.057000	  0.569000	  0.177000	  0.197000	
  0.206000	  0.144000	  0.580000	  0.070000	
  0.095000	  0.105000	  0.044000	  0.756000	
  0.132000	  0.798000	  0.042000	  0.028000	
  0.890000	  0.025000	  0.029000	  0.056000	
  0.073000	  0.280000	  0.215000	  0.432000	

MOTIF ATF2.3DFOOTPRINT ATF2

letter-probability matrix: alength= 4 w= 5 nsites= 20 E= 0
  0.000000	  0.000000	  1.000000	  0.000000	
  0.000000	  0.000000	  0.000000	  1.000000	
  0.000000	  0.875000	  0.000000	  0.125000	
  1.000000	  0.000000	  0.000000	  0.000000	
  0.625000	  0.125000	  0.125000	  0.125000	

MOTIF ATF2_1.GUERTIN ATF2

letter-probability matrix: alength= 4 w= 15 nsites= 20 E= 0
  0.076923	  0.228288	  0.007444	  0.687345	
  0.039702	  0.327543	  0.106700	  0.526055	
  0.042184	  0.225806	  0.032258	  0.699752	
  0.000000	  0.866005	  0.000000	  0.133995	
  0.486352	  0.156328	  0.000000	  0.357320	
  0.000000	  0.521092	  0.176179	  0.302730	
  0.002481	  0.136476	  0.000000	  0.861042	
  0.000000	  0.163772	  0.034739	  0.801489	
  0.000000	  0.595533	  0.002481	  0.401985	
  0.019851	  0.771712	  0.000000	  0.208437	
  0.124069	  0.255583	  0.022333	  0.598015	
  0.017370	  0.411911	  0.223325	  0.347395	
  0.096774	  0.312655	  0.022333	  0.568238	
  0.099256	  0.282878	  0.004963	  0.612903	
  0.047146	  0.270471	  0.037221	  0.645161	

MOTIF ATF2_2.GUERTIN ATF2

letter-probability matrix: alength= 4 w= 19 nsites= 20 E= 0
  0.000000	  0.145985	  0.854015	  0.000000	
  0.255474	  0.094891	  0.649635	  0.000000	
  0.255474	  0.262774	  0.481752	  0.000000	
  0.058394	  0.335766	  0.605839	  0.000000	
  0.197080	  0.357664	  0.416058	  0.029197	
  0.211679	  0.138686	  0.547445	  0.102190	
  0.000000	  0.153285	  0.832117	  0.014599	
  0.233577	  0.218978	  0.532847	  0.014599	
  0.167883	  0.116788	  0.686131	  0.029197	
  0.029197	  0.423358	  0.467153	  0.080292	
  0.021898	  0.021898	  0.605839	  0.350365	
  0.058394	  0.248175	  0.693431	  0.000000	
  0.102190	  0.262774	  0.481752	  0.153285	
  0.277372	  0.270073	  0.372263	  0.080292	
  0.000000	  0.160584	  0.729927	  0.109489	
  0.160584	  0.255474	  0.496350	  0.087591	
  0.218978	  0.000000	  0.649635	  0.131387	
  0.000000	  0.051095	  0.948905	  0.000000	
  0.167883	  0.452555	  0.364964	  0.014599	

MOTIF ATF2_3.GUERTIN ATF2

letter-probability matrix: alength= 4 w= 19 nsites= 20 E= 0
  0.000000	  0.714286	  0.047619	  0.238095	
  0.666667	  0.047619	  0.047619	  0.238095	
  0.142857	  0.761905	  0.000000	  0.095238	
  1.000000	  0.000000	  0.000000	  0.000000	
  0.000000	  0.904762	  0.000000	  0.095238	
  0.761905	  0.000000	  0.000000	  0.238095	
  0.000000	  1.000000	  0.000000	  0.000000	
  0.714286	  0.095238	  0.190476	  0.000000	
  0.000000	  0.904762	  0.000000	  0.095238	
  0.904762	  0.000000	  0.047619	  0.047619	
  0.000000	  0.952381	  0.000000	  0.047619	
  0.761905	  0.190476	  0.047619	  0.000000	
  0.000000	  1.000000	  0.000000	  0.000000	
  0.809524	  0.047619	  0.000000	  0.142857	
  0.000000	  1.000000	  0.000000	  0.000000	
  0.952381	  0.000000	  0.000000	  0.047619	
  0.000000	  0.952381	  0.000000	  0.047619	
  0.952381	  0.047619	  0.000000	  0.000000	
  0.047619	  0.857143	  0.000000	  0.095238	

MOTIF ATF2_4.GUERTIN ATF2

letter-probability matrix: alength= 4 w= 6 nsites= 20 E= 0
  0.000000	  0.000000	  1.000000	  0.000000	
  1.000000	  0.000000	  0.000000	  0.000000	
  0.000000	  1.000000	  0.000000	  0.000000	
  0.000000	  0.000000	  0.000000	  1.000000	
  0.000000	  1.000000	  0.000000	  0.000000	
  1.000000	  0.000000	  0.000000	  0.000000	

MOTIF Atf2.TF2DNA Atf2

letter-probability matrix: alength= 4 w= 7 nsites= 20 E= 0
  0.000000	  0.094000	  0.300000	  0.606000	
  0.000000	  0.000000	  0.000000	  1.000000	
  0.738000	  0.246000	  0.016000	  0.000000	
  1.000000	  0.000000	  0.000000	  0.000000	
  0.008000	  0.033000	  0.000000	  0.959000	
  0.739000	  0.246000	  0.015000	  0.000000	
  0.154000	  0.118000	  0.436000	  0.292000	

MOTIF ATF2.SWISSREGULON ATF2.p2

letter-probability matrix: alength= 4 w= 7 nsites= 20 E= 0
  0.000000	  0.003594	  0.203643	  0.792763	
  1.000000	  0.000000	  0.000000	  0.000000	
  0.000000	  0.992310	  0.003748	  0.003941	
  0.628052	  0.001846	  0.370102	  0.000000	
  0.020781	  0.001858	  0.001775	  0.975586	
  0.688327	  0.304329	  0.007344	  0.000000	
  0.977093	  0.021318	  0.001589	  0.000000	

MOTIF M0300_1.02.CIS-BP (ATF2)_(Mus_musculus)_(DBD_1.00)

letter-probability matrix: alength= 4 w= 9 nsites= 20 E= 0
  0.530199	  0.133387	  0.274034	  0.062380	
  0.035631	  0.062379	  0.001238	  0.900752	
  0.073796	  0.082377	  0.556301	  0.287525	
  0.757933	  0.025806	  0.125285	  0.090976	
  0.084682	  0.638364	  0.084682	  0.192271	
  0.156906	  0.065082	  0.710273	  0.067738	
  0.117142	  0.166233	  0.068950	  0.647675	
  0.368627	  0.407396	  0.102492	  0.121484	
  0.489340	  0.124345	  0.187365	  0.198951	

