MEME version 4.4

ALPHABET= ACGT

strands: + -

Background letter frequencies (from uniform background):
A 0.25000 C 0.25000 G 0.25000 T 0.25000 

MOTIF ATF3_f1.HOCOMOCO ATF3

letter-probability matrix: alength= 4 w= 8 nsites= 20 E= 0
  0.007367	  0.004420	  0.005894	  0.982318	
  0.001473	  0.008841	  0.987721	  0.001965	
  0.968566	  0.007367	  0.004420	  0.019646	
  0.006385	  0.647839	  0.067780	  0.277996	
  0.026523	  0.063360	  0.550589	  0.359528	
  0.053536	  0.502947	  0.012770	  0.430747	
  0.333988	  0.438114	  0.127210	  0.100688	
  0.559921	  0.125737	  0.158644	  0.155697	

MOTIF Atf3.HOMER GBM-ATF3-ChIP-Seq

letter-probability matrix: alength= 4 w= 11 nsites= 20 E= 0
  0.486000	  0.214000	  0.275000	  0.025000	
  0.001000	  0.001000	  0.001000	  0.997000	
  0.001000	  0.001000	  0.946000	  0.052000	
  0.997000	  0.001000	  0.001000	  0.001000	
  0.047000	  0.454000	  0.452000	  0.048000	
  0.001000	  0.001000	  0.001000	  0.997000	
  0.052000	  0.946000	  0.001000	  0.001000	
  0.997000	  0.001000	  0.001000	  0.001000	
  0.025000	  0.278000	  0.213000	  0.484000	
  0.243000	  0.327000	  0.131000	  0.300000	
  0.256000	  0.266000	  0.231000	  0.247000	

MOTIF ATF3_disc1.POUR ATF3_GM12878_encode-Myers_seq_hsa_r1:MDscan#1#Intergenic

letter-probability matrix: alength= 4 w= 9 nsites= 20 E= 0
  0.000000	  0.000000	  0.000000	  1.000000	
  0.000000	  0.993631	  0.000000	  0.006369	
  0.987261	  0.000000	  0.000000	  0.012739	
  0.000000	  0.866242	  0.050955	  0.082803	
  0.070064	  0.038217	  0.891719	  0.000000	
  0.000000	  0.000000	  0.000000	  1.000000	
  0.000000	  0.000000	  1.000000	  0.000000	
  1.000000	  0.000000	  0.000000	  0.000000	
  0.019108	  0.726115	  0.101911	  0.152866	

MOTIF ATF3_disc2.POUR ATF3_K562_encode-Snyder_seq_hsa_r1:MEME#3#Intergenic

letter-probability matrix: alength= 4 w= 20 nsites= 20 E= 0
  0.118919	  0.183784	  0.535135	  0.162162	
  0.032432	  0.675676	  0.216216	  0.075676	
  0.081081	  0.162162	  0.697298	  0.059459	
  0.059459	  0.686487	  0.221622	  0.032432	
  0.135135	  0.318919	  0.437838	  0.108108	
  0.059459	  0.486486	  0.340541	  0.113514	
  0.135135	  0.340541	  0.394595	  0.129730	
  0.070270	  0.400000	  0.416216	  0.113514	
  0.232432	  0.324324	  0.183784	  0.259459	
  0.221622	  0.086486	  0.562162	  0.129730	
  0.400000	  0.075676	  0.497297	  0.027027	
  0.032432	  0.048649	  0.027027	  0.891892	
  0.005405	  0.416216	  0.535136	  0.043243	
  0.870270	  0.000000	  0.091892	  0.037838	
  0.005405	  0.994595	  0.000000	  0.000000	
  0.016216	  0.000000	  0.978379	  0.005405	
  0.005405	  0.118919	  0.000000	  0.875676	
  0.172973	  0.308108	  0.486486	  0.032432	
  0.648649	  0.118919	  0.178378	  0.054054	
  0.108108	  0.502703	  0.216216	  0.172973	

MOTIF ATF3_disc3.POUR ATF3_H1-hESC_encode-Myers_seq_hsa_v041610.2_r1:Trawler#3#Intergenic

letter-probability matrix: alength= 4 w= 8 nsites= 20 E= 0
  0.561224	  0.324490	  0.095918	  0.018367	
  0.069388	  0.930612	  0.000000	  0.000000	
  0.024490	  0.716327	  0.230612	  0.028571	
  0.028571	  0.593878	  0.363265	  0.014286	
  0.028571	  0.200000	  0.718367	  0.053061	
  0.138776	  0.404082	  0.420408	  0.036735	
  0.142857	  0.369388	  0.261224	  0.226531	
  0.126531	  0.418367	  0.322449	  0.132653	

MOTIF ATF3_disc4.POUR ATF3_H1-hESC_encode-Myers_seq_hsa_v041610.2_r1:AlignACE#2#Intergenic

letter-probability matrix: alength= 4 w= 9 nsites= 20 E= 0
  0.056085	  0.212698	  0.730159	  0.001058	
  0.016931	  0.222222	  0.515344	  0.245503	
  0.014815	  0.552381	  0.432804	  0.000000	
  0.328042	  0.007407	  0.664551	  0.000000	
  0.000000	  0.771429	  0.228571	  0.000000	
  0.000000	  0.106878	  0.711111	  0.182011	
  0.000000	  0.350265	  0.437037	  0.212698	
  0.000000	  0.431746	  0.553439	  0.014815	
  0.175661	  0.403175	  0.417989	  0.003175	

MOTIF ATF3_1.GUERTIN ATF3

letter-probability matrix: alength= 4 w= 11 nsites= 20 E= 0
  0.132450	  0.026490	  0.841060	  0.000000	
  0.043046	  0.147351	  0.057947	  0.751656	
  0.000000	  1.000000	  0.000000	  0.000000	
  1.000000	  0.000000	  0.000000	  0.000000	
  0.000000	  0.913907	  0.028146	  0.057947	
  0.261589	  0.049669	  0.688742	  0.000000	
  0.000000	  0.000000	  0.000000	  1.000000	
  0.000000	  0.000000	  1.000000	  0.000000	
  0.245033	  0.236755	  0.400662	  0.117550	
  0.086093	  0.418874	  0.263245	  0.231788	
  0.069536	  0.551325	  0.283113	  0.096026	

MOTIF ATF3_2.GUERTIN ATF3

letter-probability matrix: alength= 4 w= 8 nsites= 20 E= 0
  0.000000	  0.000000	  0.000000	  1.000000	
  0.000000	  0.000000	  1.000000	  0.000000	
  1.000000	  0.000000	  0.000000	  0.000000	
  0.000000	  0.874459	  0.108225	  0.017316	
  0.030303	  0.000000	  0.000000	  0.969697	
  0.000000	  1.000000	  0.000000	  0.000000	
  1.000000	  0.000000	  0.000000	  0.000000	
  0.047619	  0.341991	  0.359307	  0.251082	

MOTIF ATF3_3.GUERTIN ATF3

letter-probability matrix: alength= 4 w= 19 nsites= 20 E= 0
  0.000000	  1.000000	  0.000000	  0.000000	
  0.000000	  0.079365	  0.000000	  0.920635	
  0.793651	  0.158730	  0.000000	  0.047619	
  0.015873	  0.920635	  0.015873	  0.047619	
  0.888889	  0.079365	  0.031746	  0.000000	
  0.349206	  0.079365	  0.047619	  0.523810	
  0.063492	  0.222222	  0.111111	  0.603175	
  0.079365	  0.047619	  0.000000	  0.873016	
  0.000000	  0.984127	  0.000000	  0.015873	
  0.000000	  1.000000	  0.000000	  0.000000	
  0.000000	  0.984127	  0.000000	  0.015873	
  0.841270	  0.000000	  0.158730	  0.000000	
  0.000000	  0.031746	  0.841270	  0.126984	
  0.301587	  0.476190	  0.174603	  0.047619	
  0.555556	  0.158730	  0.174603	  0.111111	
  0.095238	  0.063492	  0.253968	  0.587302	
  0.047619	  0.412698	  0.460317	  0.079365	
  0.000000	  0.857143	  0.063492	  0.079365	
  0.190476	  0.539683	  0.015873	  0.253968	

MOTIF ATF3_4.GUERTIN ATF3

letter-probability matrix: alength= 4 w= 15 nsites= 20 E= 0
  0.097345	  0.221239	  0.353982	  0.327434	
  0.035398	  0.424779	  0.168142	  0.371681	
  0.070796	  0.513274	  0.079646	  0.336283	
  0.061947	  0.106195	  0.256637	  0.575221	
  0.353982	  0.035398	  0.601770	  0.008850	
  0.221239	  0.008850	  0.672566	  0.097345	
  0.000000	  0.991150	  0.000000	  0.008850	
  0.000000	  1.000000	  0.000000	  0.000000	
  1.000000	  0.000000	  0.000000	  0.000000	
  0.955752	  0.000000	  0.044248	  0.000000	
  0.000000	  0.000000	  0.035398	  0.964602	
  0.044248	  0.495575	  0.424779	  0.035398	
  0.752212	  0.000000	  0.247788	  0.000000	
  0.123894	  0.168142	  0.707965	  0.000000	
  0.566372	  0.150442	  0.141593	  0.141593	

MOTIF Atf3.TF2DNA Atf3

letter-probability matrix: alength= 4 w= 7 nsites= 20 E= 0
  0.000000	  0.119000	  0.595000	  0.286000	
  0.349000	  0.000000	  0.000000	  0.651000	
  0.018000	  0.982000	  0.000000	  0.000000	
  0.967000	  0.000000	  0.000000	  0.033000	
  0.000000	  0.000000	  0.000000	  1.000000	
  0.510000	  0.154000	  0.320000	  0.016000	
  0.200000	  0.094000	  0.634000	  0.072000	

MOTIF M4451_1.02.CIS-BP ATF3

letter-probability matrix: alength= 4 w= 10 nsites= 20 E= 0
  0.133721	  0.008721	  0.857558	  0.000000	
  0.000000	  0.043605	  0.011628	  0.944767	
  0.000000	  0.892442	  0.107558	  0.000000	
  0.994186	  0.000000	  0.000000	  0.005814	
  0.000000	  0.965116	  0.023256	  0.011628	
  0.127907	  0.000000	  0.872093	  0.000000	
  0.000000	  0.011628	  0.000000	  0.988372	
  0.000000	  0.104651	  0.895349	  0.000000	
  0.447674	  0.148256	  0.357558	  0.046512	
  0.061047	  0.465116	  0.296512	  0.177326	

