MEME version 4.4

ALPHABET= ACGT

strands: + -

    Background letter frequencies (from uniform background):
    A 0.25000 C 0.25000 G 0.25000 T 0.25000

MOTIF M5293_1.02.CIS-BP ATF7_0.519950815693

letter-probability matrix: alength= 4 w= 13 nsites= 20 E= 0
  0.178799	  0.110145	  0.419887	  0.291169	
  0.711776	  0.016203	  0.269001	  0.003020	
  0.000567	  0.002527	  0.000103	  0.996803	
  0.000995	  0.002308	  0.874615	  0.122081	
  0.993932	  0.003959	  0.000823	  0.001286	
  0.000206	  0.995263	  0.000463	  0.004068	
  0.003496	  0.001697	  0.993779	  0.001028	
  0.000618	  0.002989	  0.000412	  0.995981	
  0.083282	  0.915156	  0.000331	  0.001231	
  0.997008	  0.002218	  0.000206	  0.000567	
  0.001744	  0.160442	  0.015653	  0.822161	
  0.230781	  0.377600	  0.126229	  0.265391	
  0.240093	  0.215261	  0.341749	  0.202897	

MOTIF ATF7_DBD.JOLMA ATF7_0.518997310132

letter-probability matrix: alength= 4 w= 13 nsites= 20 E= 0
  0.265391	  0.126229	  0.377600	  0.230781	
  0.822161	  0.015653	  0.160442	  0.001744	
  0.000567	  0.000206	  0.002218	  0.997008	
  0.001231	  0.000331	  0.915156	  0.083282	
  0.995981	  0.000412	  0.002989	  0.000618	
  0.001028	  0.993779	  0.001697	  0.003496	
  0.004068	  0.000463	  0.995263	  0.000206	
  0.001286	  0.000823	  0.003959	  0.993932	
  0.122081	  0.874615	  0.002308	  0.000995	
  0.996803	  0.000103	  0.002527	  0.000567	
  0.003020	  0.269001	  0.016203	  0.711776	
  0.291169	  0.419887	  0.110145	  0.178799	
  0.293829	  0.254513	  0.304795	  0.146863	

MOTIF Atf7.HOMER 3T3L1-Atf7-ChIP-Seq_0.397200611901

letter-probability matrix: alength= 4 w= 11 nsites= 20 E= 0
  0.226000	  0.167000	  0.389000	  0.219000	
  0.407000	  0.195000	  0.320000	  0.078000	
  0.017000	  0.019000	  0.006000	  0.958000	
  0.001000	  0.039000	  0.800000	  0.160000	
  0.827000	  0.019000	  0.081000	  0.073000	
  0.033000	  0.665000	  0.139000	  0.163000	
  0.182000	  0.123000	  0.666000	  0.029000	
  0.076000	  0.069000	  0.038000	  0.817000	
  0.136000	  0.813000	  0.045000	  0.006000	
  0.914000	  0.010000	  0.044000	  0.032000	
  0.053000	  0.317000	  0.219000	  0.411000	

MOTIF Atf7.TF2DNA Atf7_0.344882099111

letter-probability matrix: alength= 4 w= 7 nsites= 20 E= 0
  0.000000	  0.083000	  0.411000	  0.506000	
  0.000000	  0.000000	  0.917000	  0.083000	
  0.000000	  0.000000	  0.000000	  1.000000	
  0.490000	  0.413000	  0.065000	  0.031000	
  1.000000	  0.000000	  0.000000	  0.000000	
  0.037000	  0.013000	  0.131000	  0.819000	
  0.726000	  0.156000	  0.119000	  0.000000	
