MEME version 4.4

ALPHABET= ACGT

strands: + -

Background letter frequencies (from uniform background):
A 0.25000 C 0.25000 G 0.25000 T 0.25000 

MOTIF MA0018.2.JASPAR CREB1

letter-probability matrix: alength= 4 w= 7 nsites= 20 E= 0
  0.000000	  0.090909	  0.909091	  0.000000	
  1.000000	  0.000000	  0.000000	  0.000000	
  0.000000	  0.818182	  0.181818	  0.000000	
  0.090909	  0.000000	  0.909091	  0.000000	
  0.000000	  0.272727	  0.000000	  0.727273	
  0.181818	  0.636364	  0.090909	  0.090909	
  0.727273	  0.000000	  0.090909	  0.181818	

MOTIF CREB1_f1.HOCOMOCO CREB1

letter-probability matrix: alength= 4 w= 8 nsites= 20 E= 0
  0.000000	  0.003497	  0.003497	  0.993007	
  0.003497	  0.000000	  0.982517	  0.013986	
  0.989510	  0.003497	  0.006993	  0.000000	
  0.000000	  0.881119	  0.066434	  0.052448	
  0.017483	  0.006993	  0.961538	  0.013986	
  0.048951	  0.258741	  0.020979	  0.671329	
  0.276224	  0.520979	  0.139860	  0.062937	
  0.576923	  0.125874	  0.153846	  0.143357	

MOTIF creb.MacIsaac creb

letter-probability matrix: alength= 4 w= 7 nsites= 20 E= 0
  0.008400	  0.910135	  0.055520	  0.025945	
  0.963736	  0.005382	  0.026742	  0.004140	
  0.006147	  0.971749	  0.012384	  0.009719	
  0.009719	  0.012384	  0.971749	  0.006147	
  0.004140	  0.026742	  0.005382	  0.963736	
  0.025945	  0.055520	  0.910135	  0.008400	
  0.064904	  0.027262	  0.331714	  0.576121	

MOTIF creb_1.MacIsaac creb

letter-probability matrix: alength= 4 w= 9 nsites= 20 E= 0
  0.024168	  0.029499	  0.008601	  0.937732	
  0.024844	  0.039571	  0.849434	  0.086152	
  0.953931	  0.002878	  0.019310	  0.023880	
  0.008822	  0.922614	  0.018071	  0.050494	
  0.050494	  0.018071	  0.922614	  0.008822	
  0.023880	  0.019310	  0.002878	  0.953931	
  0.086152	  0.849434	  0.039571	  0.024844	
  0.937732	  0.008601	  0.029499	  0.024168	
  0.052893	  0.132475	  0.090546	  0.724086	

MOTIF creb_2.MacIsaac creb

letter-probability matrix: alength= 4 w= 8 nsites= 20 E= 0
  0.013351	  0.009967	  0.009371	  0.967312	
  0.011138	  0.012985	  0.944721	  0.031156	
  0.940628	  0.038473	  0.005255	  0.015643	
  0.058129	  0.441871	  0.441871	  0.058129	
  0.015643	  0.005255	  0.038473	  0.940628	
  0.031156	  0.944721	  0.012985	  0.011138	
  0.967312	  0.009371	  0.009967	  0.013351	
  0.037593	  0.118577	  0.147614	  0.696216	

MOTIF creb_3.MacIsaac creb

letter-probability matrix: alength= 4 w= 9 nsites= 20 E= 0
  0.010246	  0.025521	  0.041979	  0.922255	
  0.014238	  0.005297	  0.053306	  0.927158	
  0.121421	  0.014137	  0.773058	  0.091384	
  0.132329	  0.470338	  0.193817	  0.203515	
  0.203515	  0.193817	  0.470338	  0.132329	
  0.091384	  0.773058	  0.014137	  0.121421	
  0.927158	  0.053306	  0.005297	  0.014238	
  0.922255	  0.041979	  0.025521	  0.010246	
  0.053152	  0.095911	  0.066747	  0.784190	

MOTIF creb_4.MacIsaac creb

letter-probability matrix: alength= 4 w= 9 nsites= 20 E= 0
  0.186110	  0.688141	  0.015547	  0.110202	
  0.021243	  0.856587	  0.110466	  0.011704	
  0.961400	  0.010158	  0.015164	  0.013278	
  0.006351	  0.986705	  0.003659	  0.003285	
  0.003285	  0.003659	  0.986705	  0.006351	
  0.013278	  0.015164	  0.010158	  0.961400	
  0.011704	  0.110466	  0.856587	  0.021243	
  0.110202	  0.015547	  0.688141	  0.186110	
  0.116495	  0.791624	  0.031118	  0.060763	

MOTIF creb_5.MacIsaac creb

letter-probability matrix: alength= 4 w= 6 nsites= 20 E= 0
  0.067358	  0.051687	  0.085968	  0.794987	
  0.017413	  0.019081	  0.912092	  0.051414	
  0.217611	  0.282389	  0.282389	  0.217611	
  0.051414	  0.912092	  0.019081	  0.017413	
  0.794987	  0.085968	  0.051687	  0.067358	
  0.035071	  0.881686	  0.036710	  0.046533	

MOTIF creb_6.MacIsaac creb

letter-probability matrix: alength= 4 w= 7 nsites= 20 E= 0
  0.024348	  0.016456	  0.013809	  0.945386	
  0.015855	  0.031683	  0.918193	  0.034269	
  0.762717	  0.053960	  0.096860	  0.086463	
  0.098057	  0.759221	  0.054470	  0.088252	
  0.053912	  0.015172	  0.914822	  0.016095	
  0.018107	  0.034903	  0.008971	  0.938018	
  0.051740	  0.054268	  0.854561	  0.039430	

MOTIF creb_7.MacIsaac creb

letter-probability matrix: alength= 4 w= 7 nsites= 20 E= 0
  0.017130	  0.033081	  0.218413	  0.731376	
  0.848246	  0.006425	  0.099304	  0.046025	
  0.023558	  0.803171	  0.025715	  0.147556	
  0.147556	  0.025715	  0.803171	  0.023558	
  0.046025	  0.099304	  0.006425	  0.848246	
  0.731376	  0.218413	  0.033081	  0.017130	
  0.936005	  0.006712	  0.030885	  0.026398	

MOTIF creb_8.MacIsaac creb

letter-probability matrix: alength= 4 w= 5 nsites= 20 E= 0
  0.046856	  0.012142	  0.042019	  0.898984	
  0.036036	  0.038886	  0.904623	  0.020455	
  0.020455	  0.904623	  0.038886	  0.036036	
  0.898984	  0.042019	  0.012142	  0.046856	
  0.751203	  0.115269	  0.031057	  0.102470	

MOTIF CREB1_1.GUERTIN CREB1

letter-probability matrix: alength= 4 w= 11 nsites= 20 E= 0
  0.141469	  0.165227	  0.132829	  0.560475	
  0.090713	  0.163067	  0.526998	  0.219222	
  0.651188	  0.000000	  0.279698	  0.069114	
  0.023758	  0.917927	  0.018359	  0.039957	
  0.113391	  0.047516	  0.836933	  0.002160	
  0.000000	  0.000000	  0.000000	  1.000000	
  0.001080	  0.998920	  0.000000	  0.000000	
  1.000000	  0.000000	  0.000000	  0.000000	
  0.020518	  0.553996	  0.132829	  0.292657	
  0.237581	  0.329374	  0.156587	  0.276458	
  0.290497	  0.163067	  0.315335	  0.231102	

MOTIF CREB1_2.GUERTIN CREB1

letter-probability matrix: alength= 4 w= 18 nsites= 20 E= 0
  0.000000	  1.000000	  0.000000	  0.000000	
  0.000000	  0.024390	  0.000000	  0.975610	
  0.780488	  0.097561	  0.024390	  0.097561	
  0.000000	  0.975610	  0.000000	  0.024390	
  0.853659	  0.048780	  0.097561	  0.000000	
  0.414634	  0.121951	  0.073171	  0.390244	
  0.121951	  0.390244	  0.121951	  0.365854	
  0.024390	  0.048780	  0.024390	  0.902439	
  0.024390	  0.951220	  0.000000	  0.024390	
  0.000000	  1.000000	  0.000000	  0.000000	
  0.000000	  0.951220	  0.000000	  0.048780	
  0.756098	  0.000000	  0.219512	  0.024390	
  0.121951	  0.170732	  0.707317	  0.000000	
  0.243902	  0.439024	  0.292683	  0.024390	
  0.707317	  0.048780	  0.243902	  0.000000	
  0.146341	  0.024390	  0.390244	  0.439024	
  0.000000	  0.219512	  0.682927	  0.097561	
  0.024390	  0.902439	  0.073171	  0.000000	

MOTIF CREB1_3.GUERTIN CREB1

letter-probability matrix: alength= 4 w= 11 nsites= 20 E= 0
  0.047059	  0.011765	  0.847059	  0.094118	
  0.000000	  0.964706	  0.005882	  0.029412	
  0.064706	  0.788235	  0.000000	  0.147059	
  0.094118	  0.905882	  0.000000	  0.000000	
  0.000000	  1.000000	  0.000000	  0.000000	
  0.000000	  0.000000	  0.841176	  0.158824	
  0.000000	  1.000000	  0.000000	  0.000000	
  0.000000	  1.000000	  0.000000	  0.000000	
  0.000000	  0.835294	  0.000000	  0.164706	
  0.041176	  0.870588	  0.000000	  0.088235	
  0.041176	  0.588235	  0.205882	  0.164706	

MOTIF CREB1_4.GUERTIN CREB1

letter-probability matrix: alength= 4 w= 11 nsites= 20 E= 0
  0.786408	  0.048544	  0.165049	  0.000000	
  0.000000	  0.864078	  0.000000	  0.135922	
  0.000000	  0.000000	  0.000000	  1.000000	
  0.000000	  0.000000	  0.000000	  1.000000	
  0.000000	  1.000000	  0.000000	  0.000000	
  0.000000	  1.000000	  0.000000	  0.000000	
  0.000000	  0.000000	  0.592233	  0.407767	
  0.000000	  0.320388	  0.475728	  0.203883	
  0.000000	  0.456311	  0.087379	  0.456311	
  0.106796	  0.233010	  0.262136	  0.398058	
  0.000000	  0.563107	  0.077670	  0.359223	

MOTIF CREB.4_1.ZLAB CREB

letter-probability matrix: alength= 4 w= 10 nsites= 20 E= 0
  0.121739	  0.000000	  0.878261	  0.000000	
  0.000000	  0.026087	  0.000000	  0.973913	
  0.000000	  0.776812	  0.223188	  0.000000	
  0.994203	  0.000000	  0.000000	  0.005797	
  0.000000	  0.962319	  0.000000	  0.037681	
  0.086957	  0.017391	  0.895652	  0.000000	
  0.000000	  0.000000	  0.000000	  1.000000	
  0.034783	  0.173913	  0.791304	  0.000000	
  0.539130	  0.144928	  0.237681	  0.078261	
  0.057971	  0.466667	  0.278261	  0.197101	

MOTIF CREB.4_2.ZLAB CREB

letter-probability matrix: alength= 4 w= 24 nsites= 20 E= 0
  0.400000	  0.150000	  0.375000	  0.075000	
  0.200000	  0.050000	  0.625000	  0.125000	
  0.050000	  0.025000	  0.875000	  0.050000	
  0.125000	  0.400000	  0.425000	  0.050000	
  0.475000	  0.350000	  0.075000	  0.100000	
  0.100000	  0.325000	  0.100000	  0.475000	
  0.025000	  0.050000	  0.625000	  0.300000	
  0.000000	  0.900000	  0.025000	  0.075000	
  0.000000	  0.175000	  0.000000	  0.825000	
  0.000000	  0.000000	  1.000000	  0.000000	
  0.025000	  0.000000	  0.975000	  0.000000	
  0.075000	  0.025000	  0.900000	  0.000000	
  0.950000	  0.000000	  0.050000	  0.000000	
  0.550000	  0.125000	  0.300000	  0.025000	
  0.425000	  0.075000	  0.050000	  0.450000	
  0.075000	  0.100000	  0.000000	  0.825000	
  0.000000	  0.000000	  1.000000	  0.000000	
  0.000000	  0.050000	  0.025000	  0.925000	
  1.000000	  0.000000	  0.000000	  0.000000	
  0.000000	  0.025000	  0.975000	  0.000000	
  0.000000	  0.000000	  0.000000	  1.000000	
  0.025000	  0.475000	  0.050000	  0.450000	
  0.075000	  0.450000	  0.025000	  0.450000	
  0.125000	  0.300000	  0.050000	  0.525000	

MOTIF CREB.4_3.ZLAB CREB

letter-probability matrix: alength= 4 w= 13 nsites= 20 E= 0
  0.114286	  0.307143	  0.350000	  0.228571	
  0.178571	  0.271429	  0.435714	  0.114286	
  0.121429	  0.271429	  0.492857	  0.114286	
  0.164286	  0.242857	  0.578571	  0.014286	
  0.021429	  0.428571	  0.000000	  0.550000	
  0.000000	  1.000000	  0.000000	  0.000000	
  0.950000	  0.000000	  0.050000	  0.000000	
  0.000000	  0.614286	  0.178571	  0.207143	
  0.028571	  0.121429	  0.850000	  0.000000	
  0.000000	  0.000000	  0.000000	  1.000000	
  0.000000	  0.000000	  1.000000	  0.000000	
  0.800000	  0.171429	  0.000000	  0.028571	
  0.021429	  0.564286	  0.064286	  0.350000	

MOTIF CREB.4_4.ZLAB CREB

letter-probability matrix: alength= 4 w= 10 nsites= 20 E= 0
  0.000000	  0.063636	  0.100000	  0.836364	
  0.000000	  0.054545	  0.281818	  0.663636	
  0.163636	  0.000000	  0.745455	  0.090909	
  0.000000	  1.000000	  0.000000	  0.000000	
  0.290909	  0.054545	  0.654545	  0.000000	
  0.000000	  0.009091	  0.000000	  0.990909	
  0.018182	  0.981818	  0.000000	  0.000000	
  1.000000	  0.000000	  0.000000	  0.000000	
  0.000000	  0.363636	  0.109091	  0.527273	
  0.100000	  0.581818	  0.090909	  0.227273	

MOTIF CREB.4_5.ZLAB CREB

letter-probability matrix: alength= 4 w= 28 nsites= 20 E= 0
  0.076923	  0.692308	  0.000000	  0.230769	
  0.153846	  0.230769	  0.076923	  0.538462	
  0.076923	  0.000000	  0.076923	  0.846154	
  0.000000	  0.769231	  0.076923	  0.153846	
  0.076923	  0.230769	  0.076923	  0.615385	
  0.230769	  0.230769	  0.461538	  0.076923	
  0.000000	  0.846154	  0.000000	  0.153846	
  0.000000	  0.000000	  0.076923	  0.923077	
  0.076923	  0.230769	  0.076923	  0.615385	
  0.384615	  0.000000	  0.307692	  0.307692	
  0.076923	  0.769231	  0.000000	  0.153846	
  0.846154	  0.076923	  0.076923	  0.000000	
  0.000000	  0.153846	  0.000000	  0.846154	
  0.076923	  0.692308	  0.000000	  0.230769	
  0.000000	  0.769231	  0.000000	  0.230769	
  0.000000	  0.615385	  0.000000	  0.384615	
  0.769231	  0.000000	  0.153846	  0.076923	
  0.000000	  0.000000	  0.000000	  1.000000	
  0.000000	  0.000000	  0.000000	  1.000000	
  0.000000	  0.000000	  1.000000	  0.000000	
  0.000000	  0.000000	  1.000000	  0.000000	
  0.076923	  0.615385	  0.076923	  0.230769	
  0.000000	  0.538462	  0.076923	  0.384615	
  0.846154	  0.076923	  0.076923	  0.000000	
  0.307692	  0.153846	  0.538462	  0.000000	
  0.692308	  0.000000	  0.307692	  0.000000	
  0.769231	  0.153846	  0.000000	  0.076923	
  0.000000	  0.461538	  0.000000	  0.538462	

MOTIF CREB-ext.4_1.ZLAB CREB-ext

letter-probability matrix: alength= 4 w= 10 nsites= 20 E= 0
  0.146409	  0.000000	  0.853591	  0.000000	
  0.000000	  0.038674	  0.002762	  0.958564	
  0.000000	  0.870166	  0.129834	  0.000000	
  0.997238	  0.000000	  0.000000	  0.002762	
  0.000000	  0.966851	  0.022099	  0.011050	
  0.110497	  0.000000	  0.889503	  0.000000	
  0.000000	  0.024862	  0.000000	  0.975138	
  0.000000	  0.124309	  0.875691	  0.000000	
  0.464088	  0.154696	  0.325967	  0.055249	
  0.069061	  0.464088	  0.284530	  0.182320	

MOTIF CREB-ext.4_2.ZLAB CREB-ext

letter-probability matrix: alength= 4 w= 18 nsites= 20 E= 0
  0.000000	  1.000000	  0.000000	  0.000000	
  0.000000	  0.000000	  0.000000	  1.000000	
  0.918367	  0.020408	  0.040816	  0.020408	
  0.000000	  1.000000	  0.000000	  0.000000	
  0.857143	  0.040816	  0.081633	  0.020408	
  0.408163	  0.081633	  0.081633	  0.428571	
  0.061224	  0.265306	  0.122449	  0.551020	
  0.020408	  0.102041	  0.000000	  0.877551	
  0.000000	  0.959184	  0.000000	  0.040816	
  0.000000	  0.979592	  0.000000	  0.020408	
  0.000000	  1.000000	  0.000000	  0.000000	
  0.795918	  0.000000	  0.163265	  0.040816	
  0.020408	  0.020408	  0.877551	  0.081633	
  0.265306	  0.530612	  0.163265	  0.040816	
  0.428571	  0.122449	  0.346939	  0.102041	
  0.040816	  0.122449	  0.367347	  0.469388	
  0.000000	  0.367347	  0.530612	  0.102041	
  0.000000	  0.959184	  0.000000	  0.040816	

MOTIF CREB-ext.4_3.ZLAB CREB-ext

letter-probability matrix: alength= 4 w= 7 nsites= 20 E= 0
  1.000000	  0.000000	  0.000000	  0.000000	
  0.000000	  0.782609	  0.000000	  0.217391	
  0.017391	  0.069565	  0.913043	  0.000000	
  0.000000	  0.000000	  0.000000	  1.000000	
  0.000000	  0.000000	  1.000000	  0.000000	
  1.000000	  0.000000	  0.000000	  0.000000	
  0.000000	  0.686957	  0.130435	  0.182609	

MOTIF CREB-ext.4_4.ZLAB CREB-ext

letter-probability matrix: alength= 4 w= 17 nsites= 20 E= 0
  0.071429	  0.000000	  0.928571	  0.000000	
  0.023810	  0.119048	  0.000000	  0.857143	
  0.154762	  0.797619	  0.000000	  0.047619	
  0.904762	  0.000000	  0.011905	  0.083333	
  0.059524	  0.190476	  0.107143	  0.642857	
  0.214286	  0.523810	  0.047619	  0.214286	
  0.464286	  0.190476	  0.202381	  0.142857	
  0.154762	  0.273810	  0.452381	  0.119048	
  0.166667	  0.321429	  0.273810	  0.238095	
  0.130952	  0.380952	  0.476190	  0.011905	
  0.202381	  0.392857	  0.202381	  0.202381	
  0.000000	  0.000000	  0.964286	  0.035714	
  0.011905	  0.988095	  0.000000	  0.000000	
  0.011905	  0.000000	  0.988095	  0.000000	
  0.238095	  0.678571	  0.000000	  0.083333	
  0.023810	  0.904762	  0.059524	  0.011905	
  0.130952	  0.178571	  0.630952	  0.059524	

MOTIF CREB-ext.4_5.ZLAB CREB-ext

letter-probability matrix: alength= 4 w= 10 nsites= 20 E= 0
  0.027778	  0.972222	  0.000000	  0.000000	
  0.013889	  0.027778	  0.958333	  0.000000	
  0.000000	  1.000000	  0.000000	  0.000000	
  0.861111	  0.000000	  0.138889	  0.000000	
  0.055556	  0.097222	  0.486111	  0.361111	
  0.000000	  0.069444	  0.930556	  0.000000	
  0.013889	  0.986111	  0.000000	  0.000000	
  0.000000	  0.000000	  0.916667	  0.083333	
  0.000000	  0.916667	  0.027778	  0.055556	
  0.708333	  0.222222	  0.069444	  0.000000	

MOTIF Creb1.TF2DNA Creb1

letter-probability matrix: alength= 4 w= 7 nsites= 20 E= 0
  0.000000	  0.148000	  0.158000	  0.693000	
  0.000000	  0.000000	  1.000000	  0.000000	
  0.184000	  0.000000	  0.000000	  0.816000	
  0.832000	  0.113000	  0.000000	  0.056000	
  1.000000	  0.000000	  0.000000	  0.000000	
  0.000000	  0.000000	  0.000000	  1.000000	
  0.545000	  0.195000	  0.176000	  0.084000	

MOTIF CREB1.SWISSREGULON CREB1.p2

letter-probability matrix: alength= 4 w= 11 nsites= 20 E= 0
  0.160101	  0.239782	  0.309842	  0.290276	
  0.000000	  0.339814	  0.339713	  0.320472	
  0.179812	  0.150034	  0.670155	  0.000000	
  0.380208	  0.049871	  0.569922	  0.000000	
  0.000000	  0.000000	  0.000000	  1.000000	
  0.000000	  0.000000	  0.980029	  0.019971	
  0.990039	  0.000000	  0.000000	  0.009961	
  0.000000	  1.000000	  0.000000	  0.000000	
  0.000000	  0.000000	  1.000000	  0.000000	
  0.000000	  0.430564	  0.000000	  0.569436	
  0.250512	  0.369449	  0.150265	  0.229774	

MOTIF M6180_1.02.CIS-BP CREB1

letter-probability matrix: alength= 4 w= 8 nsites= 20 E= 0
  0.000000	  0.002764	  0.002150	  0.995086	
  0.002457	  0.000000	  0.982188	  0.015355	
  0.992015	  0.002457	  0.005528	  0.000000	
  0.000000	  0.881082	  0.067017	  0.051901	
  0.018119	  0.007063	  0.962226	  0.012591	
  0.048216	  0.258018	  0.021190	  0.672575	
  0.277913	  0.522707	  0.138573	  0.060807	
  0.578687	  0.125828	  0.153467	  0.142018	

