MEME version 4.4

ALPHABET= ACGT

strands: + -

Background letter frequencies (from uniform background):
A 0.25000 C 0.25000 G 0.25000 T 0.25000 

MOTIF MA0024.2.JASPAR E2F1

letter-probability matrix: alength= 4 w= 10 nsites= 20 E= 0
  0.205855	  0.000000	  0.593012	  0.201133	
  0.135977	  0.258735	  0.605288	  0.000000	
  0.000000	  0.000000	  1.000000	  0.000000	
  0.000000	  1.000000	  0.000000	  0.000000	
  0.000000	  0.000000	  1.000000	  0.000000	
  0.000000	  0.318225	  0.681775	  0.000000	
  0.000000	  0.270066	  0.729934	  0.000000	
  1.000000	  0.000000	  0.000000	  0.000000	
  0.479698	  0.000000	  0.520302	  0.000000	
  0.288008	  0.254013	  0.457979	  0.000000	

MOTIF E2F1_f2.HOCOMOCO E2F1

letter-probability matrix: alength= 4 w= 13 nsites= 20 E= 0
  0.342857	  0.098829	  0.328806	  0.229508	
  0.304450	  0.163934	  0.211710	  0.319906	
  0.248244	  0.073068	  0.257143	  0.421546	
  0.093208	  0.067447	  0.829040	  0.010304	
  0.009368	  0.053396	  0.930211	  0.007026	
  0.068384	  0.903044	  0.015457	  0.013115	
  0.051522	  0.009368	  0.888993	  0.050117	
  0.048244	  0.370023	  0.566745	  0.014988	
  0.069789	  0.141920	  0.773770	  0.014520	
  0.780328	  0.070258	  0.135363	  0.014052	
  0.712412	  0.038876	  0.215457	  0.033255	
  0.601874	  0.085714	  0.262763	  0.049649	
  0.318033	  0.222014	  0.316628	  0.143326	

MOTIF E2F1.HOMER Hela-E2F1-ChIP-Seq

letter-probability matrix: alength= 4 w= 9 nsites= 20 E= 0
  0.257000	  0.158000	  0.210000	  0.377000	
  0.062000	  0.147000	  0.790000	  0.002000	
  0.002000	  0.002000	  0.995000	  0.002000	
  0.002000	  0.995000	  0.002000	  0.002000	
  0.002000	  0.002000	  0.995000	  0.002000	
  0.002000	  0.080000	  0.917000	  0.002000	
  0.002000	  0.015000	  0.982000	  0.002000	
  0.995000	  0.002000	  0.002000	  0.002000	
  0.949000	  0.002000	  0.048000	  0.002000	

MOTIF E2F_disc1.POUR E2F1_HeLa-S3_encode-Snyder_seq_hsa_r1:MDscan#2#Intergenic

letter-probability matrix: alength= 4 w= 9 nsites= 20 E= 0
  0.192308	  0.269231	  0.480769	  0.057692	
  0.000000	  0.038462	  0.000000	  0.961538	
  0.000000	  0.000000	  1.000000	  0.000000	
  0.942307	  0.000000	  0.038462	  0.019231	
  0.000000	  0.923077	  0.019231	  0.057692	
  0.057692	  0.000000	  0.942308	  0.000000	
  0.019231	  0.000000	  0.000000	  0.980769	
  0.000000	  1.000000	  0.000000	  0.000000	
  0.942307	  0.000000	  0.019231	  0.038462	

MOTIF E2F_disc5.POUR E2F1_HeLa-S3_encode-Snyder_seq_hsa_HA_r1:Trawler#2#Intergenic

letter-probability matrix: alength= 4 w= 7 nsites= 20 E= 0
  1.000000	  0.000000	  0.000000	  0.000000	
  1.000000	  0.000000	  0.000000	  0.000000	
  0.000000	  0.175000	  0.700000	  0.125000	
  0.000000	  0.150000	  0.850000	  0.000000	
  0.000000	  1.000000	  0.000000	  0.000000	
  0.000000	  0.000000	  1.000000	  0.000000	
  0.000000	  0.575000	  0.425000	  0.000000	

MOTIF E2F_disc8.POUR E2F1_MCF-7_encode-Snyder_seq_hsa_HA_r1:AlignACE#3#Intergenic

letter-probability matrix: alength= 4 w= 10 nsites= 20 E= 0
  0.077468	  0.461266	  0.354699	  0.106567	
  0.000393	  0.381046	  0.618561	  0.000000	
  0.049155	  0.359418	  0.567046	  0.024381	
  0.085332	  0.475816	  0.379473	  0.059379	
  0.038930	  0.263075	  0.517500	  0.180495	
  0.000000	  0.500590	  0.499410	  0.000000	
  0.000000	  0.955564	  0.023594	  0.020842	
  0.280771	  0.179316	  0.233976	  0.305938	
  0.000000	  0.123476	  0.876524	  0.000000	
  0.026740	  0.506095	  0.467165	  0.000000	

MOTIF E2F1_DBD_1.JOLMA E2F1

letter-probability matrix: alength= 4 w= 11 nsites= 20 E= 0
  0.373824	  0.068435	  0.137725	  0.420017	
  0.178959	  0.026030	  0.182213	  0.612798	
  0.026222	  0.067938	  0.903456	  0.002384	
  0.000000	  0.008783	  0.991217	  0.000000	
  0.000000	  1.000000	  0.000000	  0.000000	
  0.002454	  0.000000	  0.997546	  0.000000	
  0.000000	  0.991561	  0.008439	  0.000000	
  0.000000	  0.923181	  0.055256	  0.021563	
  0.677804	  0.170644	  0.011933	  0.139618	
  0.729219	  0.057935	  0.034005	  0.178841	
  0.665423	  0.058458	  0.103234	  0.172886	

MOTIF E2F1_DBD_2.JOLMA E2F1

letter-probability matrix: alength= 4 w= 11 nsites= 20 E= 0
  0.235122	  0.044878	  0.097561	  0.622439	
  0.204724	  0.035433	  0.142717	  0.617126	
  0.053254	  0.070020	  0.875740	  0.000986	
  0.000000	  0.032587	  0.967413	  0.000000	
  0.000000	  0.996672	  0.000000	  0.003328	
  0.000000	  0.000990	  0.999010	  0.000000	
  0.003295	  0.968699	  0.028007	  0.000000	
  0.000000	  0.857355	  0.068351	  0.074294	
  0.628297	  0.205036	  0.023981	  0.142686	
  0.614458	  0.096386	  0.069880	  0.219277	
  0.558324	  0.066818	  0.126840	  0.248018	

MOTIF E2F1_DBD_3.JOLMA E2F1

letter-probability matrix: alength= 4 w= 13 nsites= 20 E= 0
  0.277652	  0.083521	  0.126411	  0.512415	
  0.276316	  0.019737	  0.065789	  0.638158	
  0.164818	  0.004754	  0.239303	  0.591125	
  0.042953	  0.120805	  0.829530	  0.006711	
  0.000000	  0.031447	  0.968553	  0.000000	
  0.005510	  0.983471	  0.000000	  0.011019	
  0.000000	  0.000000	  0.995652	  0.004348	
  0.004963	  0.933002	  0.059553	  0.002481	
  0.004357	  0.836601	  0.117647	  0.041394	
  0.691781	  0.198630	  0.020548	  0.089041	
  0.668317	  0.081683	  0.000000	  0.250000	
  0.536993	  0.064439	  0.121718	  0.276850	
  0.462687	  0.057214	  0.099502	  0.380597	

MOTIF E2F1_DBD_4.JOLMA E2F1

letter-probability matrix: alength= 4 w= 13 nsites= 20 E= 0
  0.789474	  0.000000	  0.000000	  0.210526	
  0.600000	  0.050000	  0.000000	  0.350000	
  0.043478	  0.000000	  0.130435	  0.826087	
  0.000000	  0.000000	  1.000000	  0.000000	
  0.000000	  0.000000	  1.000000	  0.000000	
  0.000000	  1.000000	  0.000000	  0.000000	
  0.000000	  0.000000	  0.962963	  0.037037	
  0.000000	  1.000000	  0.000000	  0.000000	
  0.055556	  0.888889	  0.000000	  0.055556	
  0.600000	  0.280000	  0.000000	  0.120000	
  0.269231	  0.076923	  0.000000	  0.653846	
  0.050000	  0.000000	  0.100000	  0.850000	
  0.052632	  0.052632	  0.052632	  0.842105	

MOTIF E2F1_1.GUERTIN E2F1

letter-probability matrix: alength= 4 w= 8 nsites= 20 E= 0
  0.098972	  0.457584	  0.443445	  0.000000	
  0.000000	  0.001285	  0.998715	  0.000000	
  0.000000	  1.000000	  0.000000	  0.000000	
  0.000000	  0.000000	  1.000000	  0.000000	
  0.000000	  1.000000	  0.000000	  0.000000	
  0.000000	  0.233933	  0.616967	  0.149100	
  0.000000	  1.000000	  0.000000	  0.000000	
  0.366324	  0.000000	  0.000000	  0.633676	

MOTIF E2F1_2.GUERTIN E2F1

letter-probability matrix: alength= 4 w= 15 nsites= 20 E= 0
  0.250000	  0.234043	  0.361702	  0.154255	
  0.010638	  0.574468	  0.345745	  0.069149	
  0.053191	  0.872340	  0.000000	  0.074468	
  0.138298	  0.058511	  0.425532	  0.377660	
  0.026596	  0.797872	  0.037234	  0.138298	
  0.010638	  0.686170	  0.005319	  0.297872	
  0.000000	  0.127660	  0.000000	  0.872340	
  0.010638	  0.654255	  0.000000	  0.335106	
  0.021277	  0.856383	  0.010638	  0.111702	
  0.015957	  0.287234	  0.148936	  0.547872	
  0.000000	  0.553191	  0.297872	  0.148936	
  0.000000	  0.553191	  0.000000	  0.446809	
  0.000000	  0.356383	  0.000000	  0.643617	
  0.026596	  0.436170	  0.000000	  0.537234	
  0.026596	  0.643617	  0.106383	  0.223404	

MOTIF E2F1_3.GUERTIN E2F1

letter-probability matrix: alength= 4 w= 6 nsites= 20 E= 0
  0.000000	  1.000000	  0.000000	  0.000000	
  0.164948	  0.000000	  0.835052	  0.000000	
  0.000000	  0.000000	  1.000000	  0.000000	
  0.154639	  0.000000	  0.845361	  0.000000	
  1.000000	  0.000000	  0.000000	  0.000000	
  1.000000	  0.000000	  0.000000	  0.000000	

MOTIF E2F1_4.GUERTIN E2F1

letter-probability matrix: alength= 4 w= 15 nsites= 20 E= 0
  0.807692	  0.000000	  0.000000	  0.192308	
  0.326923	  0.288462	  0.230769	  0.153846	
  0.750000	  0.000000	  0.000000	  0.250000	
  0.211538	  0.173077	  0.000000	  0.615385	
  0.288462	  0.000000	  0.230769	  0.480769	
  0.096154	  0.576923	  0.250000	  0.076923	
  1.000000	  0.000000	  0.000000	  0.000000	
  0.480769	  0.326923	  0.019231	  0.173077	
  0.769231	  0.000000	  0.000000	  0.230769	
  0.250000	  0.307692	  0.096154	  0.346154	
  0.307692	  0.192308	  0.173077	  0.326923	
  0.057692	  0.596154	  0.000000	  0.346154	
  0.326923	  0.307692	  0.173077	  0.192308	
  0.307692	  0.634615	  0.019231	  0.038462	
  0.519231	  0.192308	  0.192308	  0.096154	

MOTIF E2F1.1_1.ZLAB E2F1

letter-probability matrix: alength= 4 w= 14 nsites= 20 E= 0
  0.305221	  0.128514	  0.544177	  0.022088	
  0.283133	  0.110442	  0.568273	  0.038153	
  0.244980	  0.367470	  0.387550	  0.000000	
  0.475904	  0.126506	  0.204819	  0.192771	
  0.234940	  0.004016	  0.678715	  0.082329	
  0.206827	  0.365462	  0.427711	  0.000000	
  0.004016	  0.002008	  0.993976	  0.000000	
  0.030120	  0.969880	  0.000000	  0.000000	
  0.018072	  0.000000	  0.981928	  0.000000	
  0.002008	  0.706827	  0.291165	  0.000000	
  0.000000	  0.246988	  0.753012	  0.000000	
  0.261044	  0.520080	  0.160643	  0.058233	
  0.257028	  0.130522	  0.481928	  0.130522	
  0.090361	  0.283133	  0.536145	  0.090361	

MOTIF E2F1.1_2.ZLAB E2F1

letter-probability matrix: alength= 4 w= 7 nsites= 20 E= 0
  0.000000	  0.000000	  0.892857	  0.107143	
  0.892857	  0.000000	  0.107143	  0.000000	
  0.000000	  0.785714	  0.071429	  0.142857	
  0.000000	  0.000000	  1.000000	  0.000000	
  0.000000	  0.000000	  0.000000	  1.000000	
  0.000000	  1.000000	  0.000000	  0.000000	
  1.000000	  0.000000	  0.000000	  0.000000	

MOTIF E2F1.1_3.ZLAB E2F1

letter-probability matrix: alength= 4 w= 10 nsites= 20 E= 0
  0.192308	  0.038462	  0.769231	  0.000000	
  0.000000	  0.961538	  0.000000	  0.038462	
  0.000000	  1.000000	  0.000000	  0.000000	
  1.000000	  0.000000	  0.000000	  0.000000	
  1.000000	  0.000000	  0.000000	  0.000000	
  0.000000	  0.000000	  0.000000	  1.000000	
  0.038462	  0.807692	  0.115385	  0.038462	
  0.730769	  0.153846	  0.115385	  0.000000	
  0.153846	  0.230769	  0.576923	  0.038462	
  0.538462	  0.230769	  0.115385	  0.115385	

MOTIF E2F1.1_4.ZLAB E2F1

letter-probability matrix: alength= 4 w= 14 nsites= 20 E= 0
  0.692308	  0.000000	  0.076923	  0.230769	
  0.000000	  0.384615	  0.615385	  0.000000	
  0.076923	  0.076923	  0.076923	  0.769231	
  0.076923	  0.000000	  0.923077	  0.000000	
  0.000000	  1.000000	  0.000000	  0.000000	
  0.000000	  0.000000	  1.000000	  0.000000	
  0.000000	  1.000000	  0.000000	  0.000000	
  1.000000	  0.000000	  0.000000	  0.000000	
  0.000000	  0.000000	  0.615385	  0.384615	
  0.000000	  0.000000	  1.000000	  0.000000	
  0.000000	  1.000000	  0.000000	  0.000000	
  0.000000	  0.000000	  1.000000	  0.000000	
  0.000000	  0.923077	  0.000000	  0.076923	
  0.692308	  0.000000	  0.230769	  0.076923	

MOTIF E2F1.1_5.ZLAB E2F1

letter-probability matrix: alength= 4 w= 7 nsites= 20 E= 0
  0.333333	  0.000000	  0.000000	  0.666667	
  0.000000	  0.266667	  0.000000	  0.733333	
  0.733333	  0.066667	  0.000000	  0.200000	
  0.933333	  0.066667	  0.000000	  0.000000	
  0.933333	  0.000000	  0.066667	  0.000000	
  0.600000	  0.000000	  0.000000	  0.400000	
  0.800000	  0.000000	  0.000000	  0.200000	

MOTIF E2F1.SWISSREGULON E2F1..5.p2

letter-probability matrix: alength= 4 w= 7 nsites= 20 E= 0
  0.007734	  0.056606	  0.017067	  0.918593	
  0.000000	  0.007214	  0.000000	  0.992786	
  0.001853	  0.388993	  0.601645	  0.007510	
  0.000000	  0.188445	  0.811555	  0.000000	
  0.005806	  0.992238	  0.001956	  0.000000	
  0.001823	  0.001909	  0.970446	  0.025822	
  0.000000	  0.933255	  0.057295	  0.009450	

MOTIF M4536_1.02.CIS-BP E2F1

letter-probability matrix: alength= 4 w= 14 nsites= 20 E= 0
  0.302000	  0.108000	  0.560000	  0.030000	
  0.288000	  0.134000	  0.552000	  0.026000	
  0.288000	  0.342000	  0.370000	  0.000000	
  0.406000	  0.154000	  0.276000	  0.164000	
  0.224000	  0.078000	  0.628000	  0.070000	
  0.226000	  0.368000	  0.404000	  0.002000	
  0.006000	  0.000000	  0.994000	  0.000000	
  0.036000	  0.964000	  0.000000	  0.000000	
  0.018000	  0.000000	  0.982000	  0.000000	
  0.006000	  0.684000	  0.310000	  0.000000	
  0.000000	  0.198000	  0.802000	  0.000000	
  0.252000	  0.616000	  0.104000	  0.028000	
  0.274000	  0.106000	  0.458000	  0.162000	
  0.062000	  0.292000	  0.562000	  0.084000	

