MEME version 4.4

ALPHABET= ACGT

strands: + -

Background letter frequencies (from uniform background):
A 0.25000 C 0.25000 G 0.25000 T 0.25000 

MOTIF MA0471.1.JASPAR E2F6

letter-probability matrix: alength= 4 w= 10 nsites= 20 E= 0
  0.160319	  0.147262	  0.692419	  0.000000	
  0.000000	  0.000000	  1.000000	  0.000000	
  0.243743	  0.708741	  0.000000	  0.047515	
  0.002539	  0.000000	  0.997461	  0.000000	
  0.000000	  0.000000	  1.000000	  0.000000	
  0.007254	  0.010519	  0.982227	  0.000000	
  1.000000	  0.000000	  0.000000	  0.000000	
  0.611534	  0.000000	  0.388466	  0.000000	
  0.358361	  0.164672	  0.411679	  0.065288	
  0.279652	  0.256075	  0.329706	  0.134567	

MOTIF E2F6_f1.HOCOMOCO E2F6

letter-probability matrix: alength= 4 w= 11 nsites= 20 E= 0
  0.201717	  0.064378	  0.460300	  0.273605	
  0.147532	  0.118026	  0.719421	  0.015021	
  0.025215	  0.028433	  0.939914	  0.006438	
  0.115880	  0.857833	  0.002146	  0.024142	
  0.057940	  0.028970	  0.888948	  0.024142	
  0.008584	  0.064914	  0.918455	  0.008047	
  0.010193	  0.010193	  0.969421	  0.010193	
  0.807940	  0.003219	  0.186695	  0.002146	
  0.582618	  0.052039	  0.358906	  0.006438	
  0.259657	  0.170601	  0.519313	  0.050429	
  0.186159	  0.222639	  0.483369	  0.107833	

MOTIF E2F6.HOMER Hela-E2F6-ChIP-Seq

letter-probability matrix: alength= 4 w= 9 nsites= 20 E= 0
  0.034000	  0.040000	  0.922000	  0.004000	
  0.137000	  0.732000	  0.027000	  0.104000	
  0.010000	  0.142000	  0.819000	  0.029000	
  0.060000	  0.061000	  0.768000	  0.111000	
  0.044000	  0.063000	  0.867000	  0.026000	
  0.937000	  0.012000	  0.050000	  0.001000	
  0.617000	  0.046000	  0.262000	  0.075000	
  0.372000	  0.175000	  0.289000	  0.164000	
  0.200000	  0.257000	  0.300000	  0.243000	

MOTIF E2F_disc2.POUR E2F6_HeLa-S3_encode-Snyder_seq_hsa_r1:MDscan#1#Intergenic

letter-probability matrix: alength= 4 w= 9 nsites= 20 E= 0
  0.026316	  0.973684	  0.000000	  0.000000	
  0.043860	  0.000000	  0.956140	  0.000000	
  0.000000	  1.000000	  0.000000	  0.000000	
  0.675439	  0.219298	  0.070175	  0.035088	
  0.017544	  0.043860	  0.219298	  0.719298	
  0.000000	  0.000000	  1.000000	  0.000000	
  0.000000	  0.956140	  0.000000	  0.043860	
  0.000000	  0.017544	  0.982456	  0.000000	
  0.000000	  0.824561	  0.000000	  0.175439	

MOTIF E2F6_1.GUERTIN E2F6

letter-probability matrix: alength= 4 w= 8 nsites= 20 E= 0
  0.000000	  0.493409	  0.000000	  0.506591	
  0.000000	  0.000000	  0.000000	  1.000000	
  0.000000	  1.000000	  0.000000	  0.000000	
  0.000000	  1.000000	  0.000000	  0.000000	
  0.000000	  0.879473	  0.000000	  0.120527	
  0.000000	  0.000000	  0.743879	  0.256121	
  0.000000	  1.000000	  0.000000	  0.000000	
  0.000000	  0.596987	  0.224105	  0.178908	

MOTIF E2F6_2.GUERTIN E2F6

letter-probability matrix: alength= 4 w= 8 nsites= 20 E= 0
  1.000000	  0.000000	  0.000000	  0.000000	
  0.000000	  0.938567	  0.000000	  0.061433	
  0.105802	  0.000000	  0.894198	  0.000000	
  0.000000	  0.000000	  0.000000	  1.000000	
  0.000000	  0.000000	  1.000000	  0.000000	
  0.078498	  0.392491	  0.426621	  0.102389	
  0.081911	  0.395904	  0.000000	  0.522184	
  0.044369	  0.365188	  0.266212	  0.324232	

MOTIF E2F6_3.GUERTIN E2F6

letter-probability matrix: alength= 4 w= 15 nsites= 20 E= 0
  0.857143	  0.000000	  0.035714	  0.107143	
  0.000000	  0.964286	  0.035714	  0.000000	
  0.857143	  0.000000	  0.142857	  0.000000	
  0.035714	  0.964286	  0.000000	  0.000000	
  0.678571	  0.035714	  0.142857	  0.142857	
  0.000000	  0.785714	  0.142857	  0.071429	
  0.285714	  0.214286	  0.392857	  0.107143	
  0.107143	  0.785714	  0.107143	  0.000000	
  0.750000	  0.178571	  0.000000	  0.071429	
  0.142857	  0.821429	  0.000000	  0.035714	
  0.892857	  0.000000	  0.107143	  0.000000	
  0.035714	  0.964286	  0.000000	  0.000000	
  0.857143	  0.000000	  0.000000	  0.142857	
  0.035714	  0.821429	  0.142857	  0.000000	
  0.678571	  0.107143	  0.107143	  0.107143	

MOTIF E2F6_4.GUERTIN E2F6

letter-probability matrix: alength= 4 w= 15 nsites= 20 E= 0
  0.000000	  0.000000	  0.000000	  1.000000	
  0.000000	  0.250000	  0.000000	  0.750000	
  0.000000	  0.125000	  0.083333	  0.791667	
  0.208333	  0.333333	  0.083333	  0.375000	
  0.000000	  0.000000	  0.125000	  0.875000	
  0.000000	  0.333333	  0.208333	  0.458333	
  0.125000	  0.166667	  0.333333	  0.375000	
  0.000000	  0.750000	  0.125000	  0.125000	
  0.500000	  0.000000	  0.041667	  0.458333	
  0.000000	  0.000000	  0.333333	  0.666667	
  0.000000	  0.000000	  0.000000	  1.000000	
  0.166667	  0.166667	  0.000000	  0.666667	
  0.333333	  0.250000	  0.041667	  0.375000	
  0.166667	  0.416667	  0.166667	  0.250000	
  0.291667	  0.000000	  0.000000	  0.708333	

MOTIF M2273_1.02.CIS-BP E2F6

letter-probability matrix: alength= 4 w= 10 nsites= 20 E= 0
  0.160319	  0.147262	  0.692419	  0.000000	
  0.000000	  0.000000	  1.000000	  0.000000	
  0.243743	  0.708741	  0.000000	  0.047515	
  0.002539	  0.000000	  0.997461	  0.000000	
  0.000000	  0.000000	  1.000000	  0.000000	
  0.007254	  0.010519	  0.982227	  0.000000	
  1.000000	  0.000000	  0.000000	  0.000000	
  0.611534	  0.000000	  0.388466	  0.000000	
  0.358361	  0.164672	  0.411679	  0.065288	
  0.279652	  0.256075	  0.329706	  0.134567	

