MEME version 4.4

ALPHABET= ACGT

strands: + -

Background letter frequencies (from uniform background):
A 0.25000 C 0.25000 G 0.25000 T 0.25000 

MOTIF FOXA2_f1.HOCOMOCO FOXA2

letter-probability matrix: alength= 4 w= 11 nsites= 20 E= 0
  0.013575	  0.002262	  0.005656	  0.978507	
  0.350679	  0.011312	  0.632353	  0.005656	
  0.001131	  0.005656	  0.001131	  0.992081	
  0.001131	  0.002262	  0.030543	  0.966063	
  0.000000	  0.001131	  0.186652	  0.812217	
  0.729638	  0.005656	  0.246606	  0.018100	
  0.013575	  0.802036	  0.005656	  0.178733	
  0.313348	  0.117647	  0.015837	  0.553167	
  0.064480	  0.308824	  0.063348	  0.563348	
  0.486425	  0.020362	  0.057692	  0.435520	
  0.154977	  0.110860	  0.532805	  0.201357	

MOTIF Foxa2.HOMER Liver-Foxa2-ChIP-Seq

letter-probability matrix: alength= 4 w= 11 nsites= 20 E= 0
  0.154000	  0.323000	  0.146000	  0.377000	
  0.001000	  0.001000	  0.001000	  0.997000	
  0.180000	  0.001000	  0.818000	  0.001000	
  0.001000	  0.001000	  0.001000	  0.997000	
  0.001000	  0.001000	  0.043000	  0.955000	
  0.001000	  0.001000	  0.274000	  0.724000	
  0.946000	  0.001000	  0.052000	  0.001000	
  0.004000	  0.984000	  0.001000	  0.012000	
  0.441000	  0.135000	  0.001000	  0.423000	
  0.092000	  0.366000	  0.139000	  0.404000	
  0.508000	  0.025000	  0.063000	  0.405000	

MOTIF hnf3beta.MacIsaac hnf3beta

letter-probability matrix: alength= 4 w= 5 nsites= 20 E= 0
  0.028448	  0.022129	  0.012209	  0.937215	
  0.003731	  0.003040	  0.009837	  0.983391	
  0.044955	  0.005476	  0.919056	  0.030514	
  0.019380	  0.003327	  0.018216	  0.959077	
  0.009621	  0.003657	  0.019873	  0.966849	

MOTIF hnf3beta_1.MacIsaac hnf3beta

letter-probability matrix: alength= 4 w= 7 nsites= 20 E= 0
  0.127232	  0.010242	  0.834332	  0.028194	
  0.053468	  0.008615	  0.016562	  0.921355	
  0.019948	  0.005128	  0.018055	  0.956869	
  0.010604	  0.002581	  0.037653	  0.949163	
  0.353855	  0.004576	  0.617451	  0.024118	
  0.004841	  0.028316	  0.005850	  0.960992	
  0.027232	  0.028176	  0.022854	  0.921739	

MOTIF UP00073_1.UNIPROBE Foxa2_primary

letter-probability matrix: alength= 4 w= 16 nsites= 20 E= 0
  0.411635	  0.179625	  0.175701	  0.233038	
  0.412976	  0.128602	  0.091890	  0.366532	
  0.608396	  0.079002	  0.107142	  0.205460	
  0.433474	  0.035203	  0.153143	  0.378180	
  0.087552	  0.005003	  0.894586	  0.012858	
  0.004459	  0.038951	  0.001109	  0.955481	
  0.924470	  0.068560	  0.001165	  0.005805	
  0.920483	  0.070039	  0.001674	  0.007805	
  0.988335	  0.001902	  0.003155	  0.006608	
  0.001527	  0.656726	  0.002699	  0.339047	
  0.987505	  0.001810	  0.004336	  0.006349	
  0.719584	  0.065184	  0.050384	  0.164848	
  0.535389	  0.099997	  0.102849	  0.261764	
  0.245215	  0.272017	  0.301499	  0.181269	
  0.306107	  0.209040	  0.248687	  0.236166	
  0.223744	  0.278668	  0.251931	  0.245657	

MOTIF UP00073_2.UNIPROBE Foxa2_secondary

letter-probability matrix: alength= 4 w= 14 nsites= 20 E= 0
  0.347118	  0.236817	  0.257338	  0.158726	
  0.431380	  0.126811	  0.187071	  0.254738	
  0.585753	  0.089587	  0.164350	  0.160310	
  0.590169	  0.225841	  0.088487	  0.095503	
  0.091374	  0.098551	  0.099596	  0.710479	
  0.790999	  0.060485	  0.081771	  0.066745	
  0.738945	  0.032660	  0.093144	  0.135251	
  0.071350	  0.719067	  0.064337	  0.145246	
  0.820757	  0.079130	  0.029431	  0.070682	
  0.603611	  0.145951	  0.097449	  0.152989	
  0.530021	  0.143634	  0.190469	  0.135877	
  0.231297	  0.288099	  0.276056	  0.204548	
  0.202920	  0.232513	  0.431635	  0.132933	
  0.198379	  0.292889	  0.308599	  0.200133	

MOTIF UP00073.1.ZHAO2011 sci09.v1_Foxa2_2830

letter-probability matrix: alength= 4 w= 21 nsites= 20 E= 0
  0.120627	  0.078469	  0.056413	  0.744491	
  0.382154	  0.053294	  0.510722	  0.053830	
  0.067944	  0.038810	  0.023074	  0.870171	
  0.065966	  0.038828	  0.237254	  0.657952	
  0.094562	  0.017103	  0.286936	  0.601399	
  0.608976	  0.043894	  0.255131	  0.091999	
  0.150767	  0.495583	  0.100056	  0.253594	
  0.314753	  0.213105	  0.172740	  0.299402	
  0.257374	  0.239974	  0.194519	  0.308133	
  0.007882	  0.106581	  0.074040	  0.811497	
  0.035552	  0.000000	  0.964448	  0.000000	
  0.018251	  0.923697	  0.019522	  0.038529	
  0.057456	  0.067323	  0.851562	  0.023658	
  0.039063	  0.851417	  0.035552	  0.073968	
  0.179148	  0.084160	  0.344315	  0.392377	
  0.018470	  0.007912	  0.103852	  0.869766	
  0.291380	  0.647626	  0.036451	  0.024543	
  0.017649	  0.133082	  0.000000	  0.849269	
  0.911446	  0.000000	  0.040269	  0.048285	
  0.000000	  0.325739	  0.000000	  0.674261	
  0.909988	  0.019413	  0.019864	  0.050735	

MOTIF UP00073.2.ZHAO2011 sci09.v2_Foxa2_2830

letter-probability matrix: alength= 4 w= 25 nsites= 20 E= 0
  0.235495	  0.198679	  0.185247	  0.380578	
  0.111639	  0.049664	  0.030123	  0.808575	
  0.385557	  0.067000	  0.457003	  0.090440	
  0.083089	  0.033781	  0.046058	  0.837071	
  0.057152	  0.036079	  0.251065	  0.655705	
  0.103643	  0.032817	  0.278927	  0.584613	
  0.597177	  0.062316	  0.217503	  0.123004	
  0.164458	  0.489142	  0.105917	  0.240484	
  0.337763	  0.224157	  0.150257	  0.287823	
  0.405039	  0.209667	  0.155488	  0.229806	
  0.292946	  0.188332	  0.156841	  0.361881	
  0.235248	  0.060030	  0.329386	  0.375335	
  0.175556	  0.072233	  0.511511	  0.240700	
  0.212811	  0.049020	  0.694341	  0.043829	
  0.138446	  0.260354	  0.285747	  0.315453	
  0.431273	  0.003977	  0.464971	  0.099779	
  0.010261	  0.099521	  0.002054	  0.888165	
  0.005891	  0.960689	  0.019165	  0.014255	
  0.008278	  0.000000	  0.000000	  0.991722	
  0.006367	  0.000000	  0.993633	  0.000000	
  0.023210	  0.052422	  0.916318	  0.008051	
  0.305897	  0.534622	  0.038488	  0.120993	
  0.469336	  0.029159	  0.151821	  0.349683	
  0.126961	  0.213294	  0.102386	  0.557359	
  0.132166	  0.182432	  0.118034	  0.567368	

MOTIF Foxa2.TF2DNA Foxa2

letter-probability matrix: alength= 4 w= 8 nsites= 20 E= 0
  0.826000	  0.097000	  0.000000	  0.077000	
  0.021000	  0.255000	  0.013000	  0.711000	
  0.360000	  0.036000	  0.277000	  0.327000	
  0.000000	  0.000000	  0.006000	  0.994000	
  0.670000	  0.179000	  0.015000	  0.136000	
  1.000000	  0.000000	  0.000000	  0.000000	
  1.000000	  0.000000	  0.000000	  0.000000	
  0.041000	  0.959000	  0.000000	  0.000000	

MOTIF FOXA2.SWISSREGULON FOXA2.p3

letter-probability matrix: alength= 4 w= 11 nsites= 20 E= 0
  0.273177	  0.003708	  0.719407	  0.003708	
  0.001236	  0.001236	  0.001236	  0.996292	
  0.001236	  0.003708	  0.044499	  0.950556	
  0.001233	  0.001233	  0.215783	  0.781751	
  0.908642	  0.004938	  0.082716	  0.003704	
  0.002469	  0.895062	  0.002469	  0.100000	
  0.417800	  0.095179	  0.003708	  0.483313	
  0.061805	  0.327565	  0.071693	  0.538937	
  0.516729	  0.007435	  0.029740	  0.446097	
  0.162531	  0.065757	  0.598015	  0.173697	
  0.160648	  0.242839	  0.361146	  0.235367	

MOTIF M4567_1.02.CIS-BP FOXA2

letter-probability matrix: alength= 4 w= 14 nsites= 20 E= 0
  0.220165	  0.469136	  0.129630	  0.181070	
  0.456790	  0.065844	  0.026749	  0.450617	
  0.432099	  0.135802	  0.353909	  0.078189	
  0.475309	  0.010288	  0.144033	  0.370370	
  0.127572	  0.004115	  0.864198	  0.004115	
  0.000000	  0.316872	  0.000000	  0.683128	
  0.849794	  0.148148	  0.002058	  0.000000	
  0.940329	  0.059671	  0.000000	  0.000000	
  1.000000	  0.000000	  0.000000	  0.000000	
  0.000000	  0.683127	  0.002058	  0.314815	
  0.960906	  0.000000	  0.008230	  0.030864	
  0.220165	  0.224280	  0.279835	  0.275720	
  0.283951	  0.216049	  0.265432	  0.234568	
  0.234568	  0.197531	  0.374486	  0.193416	

