MEME version 4.4

ALPHABET= ACGT

strands: + -

    Background letter frequencies (from uniform background):
    A 0.25000 C 0.25000 G 0.25000 T 0.25000

MOTIF GABPA_f1.HOCOMOCO GABPA_0.4340809164

letter-probability matrix: alength= 4 w= 12 nsites= 20 E= 0
  0.362182	  0.292727	  0.252364	  0.092727	
  0.402545	  0.184727	  0.374545	  0.038182	
  0.052364	  0.758545	  0.188364	  0.000727	
  0.132000	  0.861455	  0.006182	  0.000364	
  0.000000	  0.000000	  1.000000	  0.000000	
  0.000000	  0.000000	  1.000000	  0.000000	
  0.999273	  0.000727	  0.000000	  0.000000	
  0.991636	  0.000364	  0.000364	  0.007636	
  0.073455	  0.010545	  0.916000	  0.000000	
  0.062909	  0.189455	  0.038545	  0.709091	
  0.144727	  0.154182	  0.620364	  0.080727	
  0.277818	  0.245455	  0.388000	  0.088727	

MOTIF GABPA_1.GUERTIN GABPA_0.425314700012

letter-probability matrix: alength= 4 w= 11 nsites= 20 E= 0
  0.070270	  0.466216	  0.217568	  0.245946	
  0.095946	  0.533784	  0.164865	  0.205405	
  0.485135	  0.112162	  0.320270	  0.082432	
  0.000000	  0.793243	  0.033784	  0.172973	
  0.039189	  0.000000	  0.000000	  0.960811	
  0.000000	  0.000000	  0.000000	  1.000000	
  0.000000	  1.000000	  0.000000	  0.000000	
  0.000000	  1.000000	  0.000000	  0.000000	
  0.001351	  0.012162	  0.617568	  0.368919	
  0.004054	  0.221622	  0.729730	  0.044595	
  0.050000	  0.412162	  0.178378	  0.359459	

MOTIF M4462_1.02.CIS-BP GABPA_0.407836174461

letter-probability matrix: alength= 4 w= 10 nsites= 20 E= 0
  0.374745	  0.197556	  0.378819	  0.048880	
  0.054990	  0.824847	  0.120163	  0.000000	
  0.079430	  0.914460	  0.004073	  0.002037	
  0.006110	  0.000000	  0.993890	  0.000000	
  0.000000	  0.000000	  1.000000	  0.000000	
  1.000000	  0.000000	  0.000000	  0.000000	
  0.991853	  0.002037	  0.000000	  0.006110	
  0.109980	  0.061100	  0.828920	  0.000000	
  0.044807	  0.274949	  0.057026	  0.623218	
  0.148676	  0.189409	  0.541752	  0.120163	

MOTIF GABP.1_1.ZLAB GABP_0.399249796789

letter-probability matrix: alength= 4 w= 10 nsites= 20 E= 0
  0.044000	  0.804000	  0.148000	  0.004000	
  0.066000	  0.924000	  0.006000	  0.004000	
  0.000000	  0.000000	  1.000000	  0.000000	
  0.000000	  0.000000	  1.000000	  0.000000	
  1.000000	  0.000000	  0.000000	  0.000000	
  0.988000	  0.000000	  0.002000	  0.010000	
  0.082000	  0.052000	  0.866000	  0.000000	
  0.028000	  0.260000	  0.040000	  0.672000	
  0.192000	  0.126000	  0.554000	  0.128000	
  0.200000	  0.264000	  0.446000	  0.090000	

MOTIF GABPA.SWISSREGULON ELK1,4_GABP{A,B1}.p3_0.38550566805

letter-probability matrix: alength= 4 w= 9 nsites= 20 E= 0
  0.030346	  0.758321	  0.210546	  0.000788	
  0.154186	  0.845814	  0.000000	  0.000000	
  0.000000	  0.000000	  1.000000	  0.000000	
  0.003599	  0.000000	  0.996401	  0.000000	
  1.000000	  0.000000	  0.000000	  0.000000	
  0.996427	  0.000000	  0.000000	  0.003573	
  0.071047	  0.026816	  0.902137	  0.000000	
  0.050660	  0.332707	  0.026174	  0.590459	
  0.076152	  0.157981	  0.686407	  0.079459	

MOTIF h-GABPA.WEIMOUSE GABPA_0.384912889395

letter-probability matrix: alength= 4 w= 9 nsites= 20 E= 0
  0.140000	  0.650000	  0.180000	  0.030000	
  0.080000	  0.910000	  0.010000	  0.000000	
  0.000000	  0.000000	  1.000000	  0.000000	
  0.000000	  0.000000	  1.000000	  0.000000	
  0.980000	  0.000000	  0.010000	  0.010000	
  0.732673	  0.039604	  0.009901	  0.217822	
  0.420000	  0.060000	  0.500000	  0.020000	
  0.050000	  0.390000	  0.070000	  0.490000	
  0.287129	  0.217822	  0.326733	  0.168317	

MOTIF m-GABPA.WEIMOUSE GABPA_0.367232355568

letter-probability matrix: alength= 4 w= 9 nsites= 20 E= 0
  0.020000	  0.930000	  0.040000	  0.010000	
  0.040000	  0.950000	  0.010000	  0.000000	
  0.000000	  0.000000	  1.000000	  0.000000	
  0.000000	  0.000000	  1.000000	  0.000000	
  0.990000	  0.000000	  0.000000	  0.010000	
  0.880000	  0.000000	  0.000000	  0.120000	
  0.237624	  0.029703	  0.722772	  0.009901	
  0.010101	  0.090909	  0.010101	  0.888889	
  0.260000	  0.160000	  0.340000	  0.240000	

MOTIF UP00408_1.UNIPROBE Gabpa_primary_0.364666451408

letter-probability matrix: alength= 4 w= 16 nsites= 20 E= 0
  0.291516	  0.289483	  0.243331	  0.175670	
  0.444682	  0.202283	  0.117720	  0.235315	
  0.286823	  0.160493	  0.154998	  0.397686	
  0.777207	  0.031168	  0.138668	  0.052958	
  0.020187	  0.935458	  0.041166	  0.003190	
  0.044954	  0.947416	  0.006517	  0.001112	
  0.004962	  0.002315	  0.991007	  0.001716	
  0.002572	  0.002766	  0.992355	  0.002307	
  0.989037	  0.001723	  0.001769	  0.007471	
  0.898665	  0.004213	  0.001115	  0.096007	
  0.219936	  0.020606	  0.754552	  0.004906	
  0.021686	  0.134459	  0.014432	  0.829423	
  0.197325	  0.176901	  0.362465	  0.263309	
  0.245978	  0.264865	  0.197336	  0.291821	
  0.323340	  0.203013	  0.195793	  0.277854	
  0.279355	  0.250354	  0.250472	  0.219819	

MOTIF GABPA_full.JOLMA GABPA_0.358889107738

letter-probability matrix: alength= 4 w= 9 nsites= 20 E= 0
  0.031026	  0.921241	  0.040573	  0.007160	
  0.037313	  0.960199	  0.000000	  0.002488	
  0.000000	  0.000000	  1.000000	  0.000000	
  0.000000	  0.005102	  0.984694	  0.010204	
  0.994845	  0.005155	  0.000000	  0.000000	
  0.782961	  0.002028	  0.028398	  0.186613	
  0.155462	  0.033613	  0.810924	  0.000000	
  0.012605	  0.136555	  0.039916	  0.810924	
  0.405195	  0.070130	  0.342857	  0.181818	

MOTIF GABPA.HOMER Jurkat-GABPa-ChIP-Seq_0.348223826939

letter-probability matrix: alength= 4 w= 9 nsites= 20 E= 0
  0.488000	  0.123000	  0.269000	  0.120000	
  0.081000	  0.733000	  0.156000	  0.030000	
  0.290000	  0.634000	  0.038000	  0.038000	
  0.034000	  0.029000	  0.915000	  0.022000	
  0.033000	  0.042000	  0.900000	  0.024000	
  0.864000	  0.038000	  0.046000	  0.053000	
  0.864000	  0.029000	  0.035000	  0.072000	
  0.136000	  0.069000	  0.756000	  0.038000	
  0.073000	  0.213000	  0.079000	  0.635000	

MOTIF h-GABPA.WEIHUMAN GABPA_0.346716109681

letter-probability matrix: alength= 4 w= 9 nsites= 20 E= 0
  0.170000	  0.600000	  0.190000	  0.040000	
  0.110000	  0.860000	  0.020000	  0.010000	
  0.000000	  0.000000	  1.000000	  0.000000	
  0.000000	  0.000000	  1.000000	  0.000000	
  0.960000	  0.000000	  0.020000	  0.020000	
  0.595960	  0.080808	  0.010101	  0.313131	
  0.485149	  0.089109	  0.366337	  0.059406	
  0.070000	  0.290000	  0.100000	  0.540000	
  0.330000	  0.190000	  0.290000	  0.190000	

MOTIF GABP.1_2.ZLAB GABP_0.335079450987

letter-probability matrix: alength= 4 w= 10 nsites= 20 E= 0
  0.000000	  0.581281	  0.179803	  0.238916	
  0.000000	  0.000000	  0.000000	  1.000000	
  0.000000	  0.000000	  0.000000	  1.000000	
  0.000000	  1.000000	  0.000000	  0.000000	
  0.000000	  1.000000	  0.000000	  0.000000	
  0.000000	  0.000000	  0.852217	  0.147783	
  0.032020	  0.238916	  0.610837	  0.118227	
  0.096059	  0.362069	  0.280788	  0.261084	
  0.118227	  0.263547	  0.307882	  0.310345	
  0.086207	  0.438424	  0.275862	  0.199507	

MOTIF UP00013.2.ZHAO2011 sci09.v2_Gabpa_2829_0.307185978112

letter-probability matrix: alength= 4 w= 23 nsites= 20 E= 0
  0.027658	  0.544532	  0.062798	  0.365011	
  0.184454	  0.004891	  0.016402	  0.794253	
  0.006419	  0.003667	  0.008242	  0.981672	
  0.001326	  0.994430	  0.001141	  0.003102	
  0.000351	  0.994597	  0.002101	  0.002952	
  0.004548	  0.021427	  0.849485	  0.124540	
  0.025399	  0.183960	  0.695561	  0.095080	
  0.113240	  0.292807	  0.086445	  0.507508	
  0.207407	  0.229220	  0.231524	  0.331850	
  0.078074	  0.122429	  0.085054	  0.714443	
  0.096766	  0.044601	  0.821107	  0.037526	
  0.505066	  0.144259	  0.322590	  0.028084	
  0.286613	  0.611872	  0.029226	  0.072289	
  0.006475	  0.929633	  0.015553	  0.048338	
  0.009188	  0.169378	  0.002870	  0.818564	
  0.003716	  0.277234	  0.011442	  0.707608	
  0.018884	  0.045677	  0.014448	  0.920991	
  0.081009	  0.047054	  0.854373	  0.017564	
  0.363617	  0.312769	  0.257622	  0.065992	
  0.172719	  0.625068	  0.044459	  0.157754	
  0.047794	  0.879792	  0.016649	  0.055765	
  0.057222	  0.458410	  0.032715	  0.451653	
  0.033607	  0.340078	  0.187903	  0.438412	

MOTIF UP00408.1.ZHAO2011 embo10_Gabpa_deBruijn_0.296035900705

letter-probability matrix: alength= 4 w= 23 nsites= 20 E= 0
  0.014779	  0.540893	  0.059336	  0.384992	
  0.177741	  0.005586	  0.020092	  0.796580	
  0.000790	  0.008535	  0.004113	  0.986561	
  0.000986	  0.988306	  0.005033	  0.005675	
  0.001055	  0.996089	  0.000666	  0.002190	
  0.002832	  0.031846	  0.829562	  0.135761	
  0.030245	  0.157484	  0.645048	  0.167223	
  0.103060	  0.203427	  0.063772	  0.629741	
  0.248839	  0.197711	  0.214177	  0.339273	
  0.078074	  0.122429	  0.085054	  0.714443	
  0.096766	  0.044601	  0.821107	  0.037526	
  0.505066	  0.144259	  0.322590	  0.028084	
  0.286613	  0.611872	  0.029226	  0.072289	
  0.006475	  0.929633	  0.015553	  0.048338	
  0.009188	  0.169378	  0.002870	  0.818564	
  0.003716	  0.277234	  0.011442	  0.707608	
  0.018884	  0.045677	  0.014448	  0.920991	
  0.081009	  0.047054	  0.854373	  0.017564	
  0.363617	  0.312769	  0.257622	  0.065992	
  0.172719	  0.625068	  0.044459	  0.157754	
  0.047794	  0.879792	  0.016649	  0.055765	
  0.057222	  0.458410	  0.032715	  0.451653	
  0.033607	  0.340078	  0.187903	  0.438412	

MOTIF UP00013.1.ZHAO2011 sci09.v1_Gabpa_2829_0.214744396668

letter-probability matrix: alength= 4 w= 23 nsites= 20 E= 0
  0.014926	  0.540813	  0.059327	  0.384934	
  0.177808	  0.005211	  0.020100	  0.796881	
  0.000806	  0.008535	  0.004113	  0.986546	
  0.002405	  0.989838	  0.002405	  0.005352	
  0.002569	  0.995657	  0.000751	  0.001024	
  0.002832	  0.031846	  0.829562	  0.135761	
  0.030245	  0.157484	  0.645048	  0.167223	
  0.103060	  0.203427	  0.063772	  0.629741	
  0.248839	  0.197711	  0.214177	  0.339273	
  0.279192	  0.000000	  0.671078	  0.049731	
  0.059606	  0.000000	  0.940394	  0.000000	
  0.000000	  0.009937	  0.000000	  0.990063	
  0.009993	  0.000000	  0.000000	  0.990007	
  0.990148	  0.000000	  0.000000	  0.009852	
  0.831311	  0.069651	  0.000000	  0.099038	
  0.029680	  0.000000	  0.000000	  0.970320	
  0.200404	  0.210435	  0.370161	  0.218999	
  0.660676	  0.000000	  0.030008	  0.309316	
  0.019846	  0.020104	  0.000000	  0.960049	
  0.009863	  0.270936	  0.000000	  0.719201	
  0.629169	  0.050236	  0.180678	  0.139918	
  0.340001	  0.290897	  0.269463	  0.099639	
  0.228662	  0.641611	  0.000000	  0.129727	

MOTIF Gabpa.TF2DNA Gabpa_0.209378984336

letter-probability matrix: alength= 4 w= 7 nsites= 20 E= 0
  0.000000	  0.149000	  0.746000	  0.105000	
  0.000000	  0.000000	  1.000000	  0.000000	
  0.000000	  0.000000	  1.000000	  0.000000	
  1.000000	  0.000000	  0.000000	  0.000000	
  1.000000	  0.000000	  0.000000	  0.000000	
  0.339000	  0.016000	  0.597000	  0.049000	
  0.380000	  0.401000	  0.073000	  0.147000	

MOTIF GABP.1_5.ZLAB GABP_0.185791556166

letter-probability matrix: alength= 4 w= 10 nsites= 20 E= 0
  0.000000	  0.078947	  0.000000	  0.921053	
  0.000000	  0.157895	  0.000000	  0.842105	
  0.000000	  0.657895	  0.000000	  0.342105	
  0.000000	  0.368421	  0.000000	  0.631579	
  0.078947	  0.368421	  0.473684	  0.078947	
  0.078947	  0.500000	  0.052632	  0.368421	
  0.052632	  0.000000	  0.000000	  0.947368	
  0.000000	  0.000000	  0.000000	  1.000000	
  0.000000	  0.947368	  0.052632	  0.000000	
  0.052632	  0.868421	  0.000000	  0.078947	

MOTIF GABP.1_3.ZLAB GABP_0.148049508342

letter-probability matrix: alength= 4 w= 20 nsites= 20 E= 0
  0.529412	  0.000000	  0.470588	  0.000000	
  1.000000	  0.000000	  0.000000	  0.000000	
  0.000000	  1.000000	  0.000000	  0.000000	
  0.000000	  0.294118	  0.000000	  0.705882	
  0.882353	  0.058824	  0.058824	  0.000000	
  0.000000	  0.941176	  0.058824	  0.000000	
  0.705882	  0.058824	  0.176471	  0.058824	
  0.705882	  0.117647	  0.000000	  0.176471	
  0.000000	  0.529412	  0.176471	  0.294118	
  0.000000	  0.000000	  0.000000	  1.000000	
  0.058824	  0.941176	  0.000000	  0.000000	
  0.000000	  0.941176	  0.000000	  0.058824	
  0.000000	  1.000000	  0.000000	  0.000000	
  0.705882	  0.000000	  0.235294	  0.058824	
  0.000000	  0.235294	  0.705882	  0.058824	
  0.588235	  0.352941	  0.058824	  0.000000	
  0.764706	  0.000000	  0.235294	  0.000000	
  0.117647	  0.117647	  0.294118	  0.470588	
  0.117647	  0.176471	  0.588235	  0.117647	
  0.058824	  0.882353	  0.058824	  0.000000	

MOTIF GABPA_3.GUERTIN GABPA_0.126469156825

letter-probability matrix: alength= 4 w= 15 nsites= 20 E= 0
  0.000000	  0.142857	  0.000000	  0.857143	
  0.000000	  0.000000	  1.000000	  0.000000	
  0.000000	  0.000000	  1.000000	  0.000000	
  0.000000	  0.000000	  1.000000	  0.000000	
  0.857143	  0.000000	  0.057143	  0.085714	
  0.600000	  0.085714	  0.257143	  0.057143	
  0.428571	  0.114286	  0.171429	  0.285714	
  0.000000	  0.114286	  0.114286	  0.771429	
  0.000000	  0.028571	  0.971429	  0.000000	
  0.000000	  0.000000	  0.028571	  0.971429	
  0.914286	  0.000000	  0.085714	  0.000000	
  0.000000	  0.000000	  0.942857	  0.057143	
  0.000000	  0.000000	  0.057143	  0.942857	
  0.000000	  0.342857	  0.028571	  0.628571	
  0.000000	  0.828571	  0.000000	  0.171429	

MOTIF UP00408_2.UNIPROBE Gabpa_secondary_0.0996594467002

letter-probability matrix: alength= 4 w= 15 nsites= 20 E= 0
  0.100085	  0.525562	  0.101688	  0.272665	
  0.252996	  0.198121	  0.299171	  0.249711	
  0.141471	  0.195290	  0.234560	  0.428679	
  0.160993	  0.442765	  0.082653	  0.313590	
  0.307890	  0.127950	  0.071713	  0.492448	
  0.093453	  0.148935	  0.080288	  0.677324	
  0.083535	  0.634212	  0.074652	  0.207601	
  0.098119	  0.639328	  0.099957	  0.162596	
  0.067430	  0.451776	  0.357188	  0.123606	
  0.286259	  0.466975	  0.063013	  0.183753	
  0.203211	  0.422637	  0.133368	  0.240783	
  0.111206	  0.315595	  0.192833	  0.380366	
  0.199462	  0.324652	  0.305491	  0.170395	
  0.347919	  0.292387	  0.230724	  0.128970	
  0.254648	  0.294196	  0.194942	  0.256214	

MOTIF GABPA_2.GUERTIN GABPA_0.0763559430893

letter-probability matrix: alength= 4 w= 6 nsites= 20 E= 0
  0.000000	  0.000000	  1.000000	  0.000000	
  1.000000	  0.000000	  0.000000	  0.000000	
  0.000000	  0.000000	  0.000000	  1.000000	
  1.000000	  0.000000	  0.000000	  0.000000	
  1.000000	  0.000000	  0.000000	  0.000000	
  0.235110	  0.184953	  0.482759	  0.097179	

MOTIF GABPA_4.GUERTIN GABPA_0.0709176692203

letter-probability matrix: alength= 4 w= 19 nsites= 20 E= 0
  0.112426	  0.650888	  0.000000	  0.236686	
  0.130178	  0.325444	  0.307692	  0.236686	
  0.000000	  0.355030	  0.414201	  0.230769	
  0.023669	  0.710059	  0.094675	  0.171598	
  0.000000	  0.816568	  0.000000	  0.183432	
  0.000000	  0.863905	  0.000000	  0.136095	
  0.000000	  0.810651	  0.000000	  0.189349	
  0.082840	  0.000000	  0.390533	  0.526627	
  0.029586	  0.798817	  0.088757	  0.082840	
  0.023669	  0.816568	  0.023669	  0.136095	
  0.005917	  0.692308	  0.017751	  0.284024	
  0.029586	  0.508876	  0.035503	  0.426036	
  0.106509	  0.562130	  0.165680	  0.165680	
  0.011834	  0.449704	  0.236686	  0.301775	
  0.000000	  0.603550	  0.159763	  0.236686	
  0.000000	  0.585799	  0.118343	  0.295858	
  0.017751	  0.573964	  0.124260	  0.284024	
  0.000000	  0.603550	  0.201183	  0.195266	
  0.124260	  0.538462	  0.207101	  0.130178	

MOTIF GABP.1_4.ZLAB GABP_0.0571318708289

letter-probability matrix: alength= 4 w= 10 nsites= 20 E= 0
  0.950000	  0.000000	  0.050000	  0.000000	
  0.000000	  0.300000	  0.700000	  0.000000	
  0.950000	  0.000000	  0.050000	  0.000000	
  0.000000	  0.000000	  0.000000	  1.000000	
  0.000000	  0.000000	  1.000000	  0.000000	
  0.000000	  0.000000	  1.000000	  0.000000	
  0.050000	  0.950000	  0.000000	  0.000000	
  0.050000	  0.050000	  0.750000	  0.150000	
  0.000000	  0.000000	  0.900000	  0.100000	
  0.100000	  0.800000	  0.000000	  0.100000	
