MEME version 4.4

ALPHABET= ACGT

strands: + -

Background letter frequencies (from uniform background):
A 0.25000 C 0.25000 G 0.25000 T 0.25000 

MOTIF MA0491.1.JASPAR JUND

letter-probability matrix: alength= 4 w= 10 nsites= 20 E= 0
  0.391708	  0.124619	  0.483673	  0.000000	
  0.000000	  0.000000	  0.000000	  1.000000	
  0.000000	  0.000000	  1.000000	  0.000000	
  1.000000	  0.000000	  0.000000	  0.000000	
  0.000000	  0.590468	  0.363679	  0.045854	
  0.000000	  0.000000	  0.000000	  1.000000	
  0.039964	  0.960036	  0.000000	  0.000000	
  1.000000	  0.000000	  0.000000	  0.000000	
  0.000000	  0.132679	  0.059442	  0.807879	
  0.149470	  0.386360	  0.321080	  0.143090	

MOTIF MA0492.1.JASPAR JUND

letter-probability matrix: alength= 4 w= 14 nsites= 20 E= 0
  0.399512	  0.095983	  0.259314	  0.245190	
  0.334840	  0.143796	  0.241147	  0.280218	
  0.404865	  0.072909	  0.468645	  0.053582	
  0.753680	  0.005025	  0.241295	  0.000000	
  0.000000	  0.000000	  0.000000	  1.000000	
  0.000000	  0.000000	  0.996432	  0.003568	
  1.000000	  0.000000	  0.000000	  0.000000	
  0.000000	  0.309417	  0.246410	  0.444174	
  0.152359	  0.054236	  0.793405	  0.000000	
  0.000000	  0.117005	  0.000000	  0.882995	
  0.261455	  0.734352	  0.004193	  0.000000	
  1.000000	  0.000000	  0.000000	  0.000000	
  0.007939	  0.162648	  0.071571	  0.757842	
  0.304927	  0.322351	  0.188844	  0.183878	

MOTIF JUND_f1.HOCOMOCO JUND

letter-probability matrix: alength= 4 w= 10 nsites= 20 E= 0
  0.483952	  0.194333	  0.258526	  0.063190	
  0.013039	  0.000752	  0.015797	  0.970411	
  0.003761	  0.017051	  0.942828	  0.036359	
  0.943079	  0.025827	  0.005015	  0.026078	
  0.102056	  0.000000	  0.897944	  0.000000	
  0.024824	  0.007523	  0.007773	  0.959880	
  0.034855	  0.951856	  0.008275	  0.005015	
  0.978937	  0.004764	  0.007773	  0.008526	
  0.034604	  0.314945	  0.137663	  0.512788	
  0.207623	  0.413490	  0.155968	  0.222919	

MOTIF JunD.HOMER K562-JunD-ChIP-Seq

letter-probability matrix: alength= 4 w= 11 nsites= 20 E= 0
  0.001000	  0.001000	  0.001000	  0.997000	
  0.001000	  0.001000	  0.981000	  0.017000	
  0.994000	  0.001000	  0.004000	  0.001000	
  0.001000	  0.785000	  0.041000	  0.173000	
  0.165000	  0.034000	  0.800000	  0.001000	
  0.001000	  0.003000	  0.001000	  0.995000	
  0.016000	  0.982000	  0.001000	  0.001000	
  0.997000	  0.001000	  0.001000	  0.001000	
  0.009000	  0.282000	  0.080000	  0.630000	
  0.134000	  0.529000	  0.131000	  0.206000	
  0.281000	  0.254000	  0.256000	  0.209000	

MOTIF JunD_1.GUERTIN JunD

letter-probability matrix: alength= 4 w= 8 nsites= 20 E= 0
  0.000000	  0.000000	  0.007130	  0.992870	
  0.000000	  0.039216	  0.910873	  0.049911	
  0.951872	  0.001783	  0.000000	  0.046346	
  0.051693	  0.026738	  0.921569	  0.000000	
  0.000000	  0.000000	  0.008913	  0.991087	
  0.024955	  0.962567	  0.012478	  0.000000	
  1.000000	  0.000000	  0.000000	  0.000000	
  0.003565	  0.356506	  0.165775	  0.474153	

MOTIF JunD_2.GUERTIN JunD

letter-probability matrix: alength= 4 w= 15 nsites= 20 E= 0
  0.098446	  0.761658	  0.077720	  0.062176	
  0.000000	  1.000000	  0.000000	  0.000000	
  0.839378	  0.025907	  0.067358	  0.067358	
  0.062176	  0.507772	  0.419689	  0.010363	
  0.134715	  0.455959	  0.108808	  0.300518	
  0.937824	  0.010363	  0.015544	  0.036269	
  0.005181	  0.000000	  0.994819	  0.000000	
  0.440415	  0.000000	  0.549223	  0.010363	
  0.067358	  0.005181	  0.678756	  0.248705	
  0.000000	  0.000000	  0.984456	  0.015544	
  0.000000	  0.031088	  0.953368	  0.015544	
  0.202073	  0.740933	  0.000000	  0.056995	
  0.383420	  0.010363	  0.595855	  0.010363	
  0.098446	  0.549223	  0.274611	  0.077720	
  0.139896	  0.310881	  0.129534	  0.419689	

MOTIF JunD_3.GUERTIN JunD

letter-probability matrix: alength= 4 w= 15 nsites= 20 E= 0
  0.047619	  0.857143	  0.000000	  0.095238	
  0.000000	  0.023810	  0.000000	  0.976190	
  0.000000	  0.023810	  0.976190	  0.000000	
  0.071429	  0.071429	  0.000000	  0.857143	
  0.976190	  0.000000	  0.000000	  0.023810	
  0.666667	  0.047619	  0.238095	  0.047619	
  0.000000	  0.047619	  0.023810	  0.928571	
  0.000000	  0.904762	  0.000000	  0.095238	
  0.071429	  0.714286	  0.000000	  0.214286	
  0.023810	  0.857143	  0.000000	  0.119048	
  0.904762	  0.000000	  0.071429	  0.023810	
  0.023810	  0.000000	  0.976190	  0.000000	
  0.000000	  0.809524	  0.071429	  0.119048	
  0.785714	  0.023810	  0.095238	  0.095238	
  0.142857	  0.714286	  0.071429	  0.071429	

MOTIF JunD_4.GUERTIN JunD

letter-probability matrix: alength= 4 w= 11 nsites= 20 E= 0
  0.589147	  0.286822	  0.124031	  0.000000	
  0.000000	  0.000000	  0.000000	  1.000000	
  0.000000	  0.000000	  1.000000	  0.000000	
  1.000000	  0.000000	  0.000000	  0.000000	
  0.054264	  0.224806	  0.124031	  0.596899	
  0.000000	  0.007752	  0.984496	  0.007752	
  0.077519	  0.286822	  0.000000	  0.635659	
  0.426357	  0.573643	  0.000000	  0.000000	
  1.000000	  0.000000	  0.000000	  0.000000	
  0.000000	  0.286822	  0.054264	  0.658915	
  0.224806	  0.403101	  0.108527	  0.263566	

MOTIF Jund.TF2DNA Jund

letter-probability matrix: alength= 4 w= 7 nsites= 20 E= 0
  0.000000	  0.038000	  0.943000	  0.019000	
  0.000000	  0.000000	  0.000000	  1.000000	
  0.352000	  0.329000	  0.122000	  0.197000	
  1.000000	  0.000000	  0.000000	  0.000000	
  0.000000	  0.000000	  0.000000	  1.000000	
  0.405000	  0.328000	  0.118000	  0.149000	
  0.268000	  0.200000	  0.337000	  0.195000	

MOTIF JUND.SWISSREGULON FOS_FOS{B,L1}_JUN{B,D}.p2

letter-probability matrix: alength= 4 w= 7 nsites= 20 E= 0
  0.002024	  0.000000	  0.000000	  0.997976	
  0.000000	  0.001900	  0.998100	  0.000000	
  0.992258	  0.007742	  0.000000	  0.000000	
  0.010037	  0.320920	  0.577607	  0.091436	
  0.001946	  0.010154	  0.000000	  0.987900	
  0.076770	  0.921323	  0.001907	  0.000000	
  1.000000	  0.000000	  0.000000	  0.000000	

MOTIF M2292_1.02.CIS-BP JUND

letter-probability matrix: alength= 4 w= 10 nsites= 20 E= 0
  0.391708	  0.124619	  0.483673	  0.000000	
  0.000000	  0.000000	  0.000000	  1.000000	
  0.000000	  0.000000	  1.000000	  0.000000	
  1.000000	  0.000000	  0.000000	  0.000000	
  0.000000	  0.590468	  0.363679	  0.045854	
  0.000000	  0.000000	  0.000000	  1.000000	
  0.039964	  0.960036	  0.000000	  0.000000	
  1.000000	  0.000000	  0.000000	  0.000000	
  0.000000	  0.132679	  0.059442	  0.807879	
  0.149470	  0.386360	  0.321080	  0.143090	

