MEME version 4.4

ALPHABET= ACGT

strands: + -

    Background letter frequencies (from uniform background):
    A 0.25000 C 0.25000 G 0.25000 T 0.25000

MOTIF MYC.1_1.ZLAB MYC_0.40592517255

letter-probability matrix: alength= 4 w= 13 nsites= 20 E= 0
  0.345865	  0.295739	  0.135338	  0.223058	
  0.092732	  0.413534	  0.448622	  0.045113	
  0.000000	  1.000000	  0.000000	  0.000000	
  0.954887	  0.000000	  0.045113	  0.000000	
  0.000000	  0.972431	  0.000000	  0.027569	
  0.157895	  0.000000	  0.842105	  0.000000	
  0.077694	  0.055138	  0.000000	  0.867168	
  0.000000	  0.000000	  1.000000	  0.000000	
  0.000000	  0.057644	  0.739348	  0.203008	
  0.107769	  0.471178	  0.200501	  0.220551	
  0.190476	  0.273183	  0.182957	  0.353383	
  0.140351	  0.305764	  0.340852	  0.213033	
  0.127820	  0.436090	  0.228070	  0.208020	

MOTIF M4532_1.02.CIS-BP MYC_0.400378806273

letter-probability matrix: alength= 4 w= 9 nsites= 20 E= 0
  0.034014	  0.965986	  0.000000	  0.000000	
  0.814059	  0.000000	  0.129252	  0.056689	
  0.000000	  0.818594	  0.000000	  0.181406	
  0.070295	  0.006803	  0.922902	  0.000000	
  0.000000	  0.022676	  0.000000	  0.977324	
  0.000000	  0.000000	  1.000000	  0.000000	
  0.029478	  0.485261	  0.394558	  0.090703	
  0.142857	  0.297052	  0.140590	  0.419501	
  0.061224	  0.458050	  0.213152	  0.267574	

MOTIF cMyc_1.GUERTIN cMyc_0.386414449023

letter-probability matrix: alength= 4 w= 11 nsites= 20 E= 0
  0.000000	  1.000000	  0.000000	  0.000000	
  0.994614	  0.000000	  0.000000	  0.005386	
  0.000000	  0.752244	  0.000000	  0.247756	
  0.001795	  0.000000	  0.998205	  0.000000	
  0.000000	  0.000000	  0.000000	  1.000000	
  0.000000	  0.000000	  1.000000	  0.000000	
  0.095153	  0.418312	  0.290844	  0.195691	
  0.105925	  0.323160	  0.174147	  0.396768	
  0.078995	  0.470377	  0.152603	  0.298025	
  0.193896	  0.315978	  0.249551	  0.240575	
  0.086176	  0.441652	  0.276481	  0.195691	

MOTIF MYC_f1.HOCOMOCO MYC_0.383770394307

letter-probability matrix: alength= 4 w= 10 nsites= 20 E= 0
  0.504399	  0.243402	  0.137830	  0.114370	
  0.102639	  0.331378	  0.504399	  0.061584	
  0.032258	  0.961877	  0.005865	  0.000000	
  0.941349	  0.017595	  0.041056	  0.000000	
  0.002933	  0.929619	  0.023460	  0.043988	
  0.049853	  0.011730	  0.929619	  0.008798	
  0.026393	  0.093842	  0.005865	  0.873900	
  0.002933	  0.002933	  0.979472	  0.014663	
  0.029326	  0.073314	  0.762463	  0.134897	
  0.117302	  0.475073	  0.082111	  0.325513	

MOTIF c-Myc_2.HOMER mES-cMyc-ChIP-Seq_0.374197767002

letter-probability matrix: alength= 4 w= 9 nsites= 20 E= 0
  0.311000	  0.197000	  0.336000	  0.156000	
  0.138000	  0.504000	  0.336000	  0.022000	
  0.001000	  0.997000	  0.001000	  0.001000	
  0.992000	  0.001000	  0.006000	  0.001000	
  0.001000	  0.932000	  0.001000	  0.066000	
  0.112000	  0.001000	  0.886000	  0.001000	
  0.001000	  0.001000	  0.001000	  0.997000	
  0.001000	  0.001000	  0.997000	  0.001000	
  0.023000	  0.320000	  0.526000	  0.130000	

MOTIF MYC_disc2.POUR MYC_K562_encode-Crawford_seq_hsa_r1:MEME#2#Intergenic_0.372395485127

letter-probability matrix: alength= 4 w= 10 nsites= 20 E= 0
  0.021368	  0.500000	  0.431624	  0.047009	
  0.021368	  0.978632	  0.000000	  0.000000	
  0.713675	  0.000000	  0.277778	  0.008547	
  0.000000	  0.995726	  0.000000	  0.004274	
  0.183761	  0.000000	  0.816239	  0.000000	
  0.115385	  0.012821	  0.000000	  0.871794	
  0.000000	  0.000000	  0.957265	  0.042735	
  0.021368	  0.183761	  0.547008	  0.247863	
  0.068376	  0.410256	  0.286325	  0.235043	
  0.141026	  0.380342	  0.158120	  0.320513	

MOTIF c-Myc_1.HOMER LNCAP-cMyc-ChIP-Seq_0.338152592856

letter-probability matrix: alength= 4 w= 7 nsites= 20 E= 0
  0.115000	  0.600000	  0.224000	  0.061000	
  0.022000	  0.950000	  0.017000	  0.012000	
  0.890000	  0.001000	  0.094000	  0.015000	
  0.001000	  0.996000	  0.001000	  0.002000	
  0.001000	  0.001000	  0.997000	  0.001000	
  0.002000	  0.080000	  0.001000	  0.917000	
  0.013000	  0.008000	  0.953000	  0.026000	

MOTIF Myc_2.3DFOOTPRINT Myc_0.32653588671

letter-probability matrix: alength= 4 w= 7 nsites= 20 E= 0
  0.000000	  1.000000	  0.000000	  0.000000	
  1.000000	  0.000000	  0.000000	  0.000000	
  0.000000	  1.000000	  0.000000	  0.000000	
  0.000000	  0.000000	  1.000000	  0.000000	
  0.000000	  0.000000	  0.000000	  1.000000	
  0.000000	  0.000000	  1.000000	  0.000000	
  0.166667	  0.562500	  0.135417	  0.135417	

MOTIF Myc_3.3DFOOTPRINT Myc_0.316459697388

letter-probability matrix: alength= 4 w= 6 nsites= 20 E= 0
  0.000000	  1.000000	  0.000000	  0.000000	
  1.000000	  0.000000	  0.000000	  0.000000	
  0.000000	  1.000000	  0.000000	  0.000000	
  0.000000	  0.000000	  1.000000	  0.000000	
  0.000000	  0.197917	  0.010417	  0.791667	
  0.000000	  0.000000	  1.000000	  0.000000	

MOTIF CMYC.CHEN2008 CMYC_0.31103003078

letter-probability matrix: alength= 4 w= 9 nsites= 20 E= 0
  0.074074	  0.086420	  0.802469	  0.037037	
  0.000000	  1.000000	  0.000000	  0.000000	
  0.876543	  0.037037	  0.086420	  0.000000	
  0.000000	  1.000000	  0.000000	  0.000000	
  0.000000	  0.012346	  0.987654	  0.000000	
  0.000000	  0.111111	  0.037037	  0.851852	
  0.000000	  0.012346	  0.987654	  0.000000	
  0.000000	  0.049383	  0.950617	  0.000000	
  0.000000	  0.938272	  0.061728	  0.000000	

MOTIF MYC_disc1.POUR USF2_K562_encode-Snyder_seq_hsa_r1:MDscan#1#Intergenic_0.272127878143

letter-probability matrix: alength= 4 w= 9 nsites= 20 E= 0
  0.000000	  0.000000	  0.000000	  1.000000	
  0.000000	  1.000000	  0.000000	  0.000000	
  1.000000	  0.000000	  0.000000	  0.000000	
  0.000000	  0.958904	  0.000000	  0.041096	
  0.059361	  0.000000	  0.940639	  0.000000	
  0.000000	  0.000000	  0.000000	  1.000000	
  0.000000	  0.000000	  1.000000	  0.000000	
  1.000000	  0.000000	  0.000000	  0.000000	
  0.000000	  0.726028	  0.114155	  0.159817	

MOTIF MYC_disc6.POUR USF2_GM12878_encode-Snyder_seq_hsa_IgG-mus_r1:Trawler#1#Intergenic_0.255866551216

letter-probability matrix: alength= 4 w= 8 nsites= 20 E= 0
  1.000000	  0.000000	  0.000000	  0.000000	
  0.105263	  0.000000	  0.894737	  0.000000	
  0.000000	  0.315789	  0.000000	  0.684211	
  0.000000	  0.947368	  0.000000	  0.052632	
  1.000000	  0.000000	  0.000000	  0.000000	
  0.000000	  1.000000	  0.000000	  0.000000	
  0.000000	  0.000000	  1.000000	  0.000000	
  0.000000	  0.000000	  0.052632	  0.947368	

MOTIF Myc_1.3DFOOTPRINT Myc_0.249629131979

letter-probability matrix: alength= 4 w= 4 nsites= 20 E= 0
  0.000000	  1.000000	  0.000000	  0.000000	
  1.000000	  0.000000	  0.000000	  0.000000	
  0.000000	  1.000000	  0.000000	  0.000000	
  0.135417	  0.135417	  0.562500	  0.166667	

MOTIF MYC_disc7.POUR MAX_GM12878_encode-Snyder_seq_hsa_r1:Trawler#1#Intergenic_0.247236788217

letter-probability matrix: alength= 4 w= 7 nsites= 20 E= 0
  1.000000	  0.000000	  0.000000	  0.000000	
  0.257143	  0.742857	  0.000000	  0.000000	
  0.885714	  0.057143	  0.057143	  0.000000	
  0.000000	  1.000000	  0.000000	  0.000000	
  0.000000	  0.000000	  1.000000	  0.000000	
  0.142857	  0.000000	  0.000000	  0.857143	
  0.085714	  0.000000	  0.914286	  0.000000	

MOTIF Myc.TF2DNA Myc_0.237407364715

letter-probability matrix: alength= 4 w= 7 nsites= 20 E= 0
  0.621000	  0.034000	  0.036000	  0.309000	
  0.000000	  0.178000	  0.152000	  0.670000	
  0.000000	  0.000000	  1.000000	  0.000000	
  0.000000	  0.000000	  0.000000	  1.000000	
  0.000000	  0.000000	  1.000000	  0.000000	
  0.017000	  0.515000	  0.429000	  0.038000	
  0.214000	  0.069000	  0.157000	  0.560000	

MOTIF MYC_disc9.POUR MAX_HUVEC_encode-Snyder_seq_hsa_r1:AlignACE#1#Intergenic_0.143799162736

letter-probability matrix: alength= 4 w= 9 nsites= 20 E= 0
  0.403370	  0.211100	  0.385530	  0.000000	
  0.000000	  0.635282	  0.364718	  0.000000	
  0.000000	  0.350842	  0.649158	  0.000000	
  0.191278	  0.167493	  0.173439	  0.467790	
  0.000000	  0.007929	  0.992071	  0.000000	
  0.166501	  0.341923	  0.491576	  0.000000	
  0.097126	  0.379584	  0.485629	  0.037661	
  0.000000	  0.465808	  0.448959	  0.085233	
  0.095144	  0.439049	  0.457879	  0.007929	

MOTIF MYC.1_2.ZLAB MYC_0.141140799398

letter-probability matrix: alength= 4 w= 10 nsites= 20 E= 0
  0.956522	  0.043478	  0.000000	  0.000000	
  0.978261	  0.000000	  0.021739	  0.000000	
  0.108696	  0.217391	  0.673913	  0.000000	
  1.000000	  0.000000	  0.000000	  0.000000	
  0.000000	  0.000000	  0.000000	  1.000000	
  0.000000	  0.000000	  0.978261	  0.021739	
  0.000000	  0.021739	  0.934783	  0.043478	
  0.043478	  0.913043	  0.000000	  0.043478	
  0.043478	  0.086957	  0.717391	  0.152174	
  0.173913	  0.086957	  0.739130	  0.000000	

MOTIF cMyc_3.GUERTIN cMyc_0.134417759083

letter-probability matrix: alength= 4 w= 11 nsites= 20 E= 0
  0.964706	  0.011765	  0.023529	  0.000000	
  0.858824	  0.023529	  0.058824	  0.058824	
  0.258824	  0.247059	  0.470588	  0.023529	
  0.988235	  0.011765	  0.000000	  0.000000	
  0.000000	  0.000000	  0.000000	  1.000000	
  0.000000	  0.000000	  1.000000	  0.000000	
  0.000000	  0.000000	  1.000000	  0.000000	
  0.000000	  1.000000	  0.000000	  0.000000	
  0.094118	  0.047059	  0.764706	  0.094118	
  0.058824	  0.329412	  0.564706	  0.047059	
  0.117647	  0.741176	  0.000000	  0.141176	

MOTIF MYC.1_4.ZLAB MYC_0.111942383853

letter-probability matrix: alength= 4 w= 14 nsites= 20 E= 0
  0.000000	  0.300000	  0.660000	  0.040000	
  0.000000	  0.740000	  0.000000	  0.260000	
  0.080000	  0.000000	  0.840000	  0.080000	
  0.060000	  0.940000	  0.000000	  0.000000	
  0.000000	  0.940000	  0.020000	  0.040000	
  0.280000	  0.680000	  0.040000	  0.000000	
  0.000000	  0.660000	  0.000000	  0.340000	
  0.000000	  1.000000	  0.000000	  0.000000	
  0.000000	  0.040000	  0.000000	  0.960000	
  0.360000	  0.080000	  0.520000	  0.040000	
  0.000000	  0.200000	  0.680000	  0.120000	
  0.060000	  0.160000	  0.060000	  0.720000	
  0.000000	  0.000000	  1.000000	  0.000000	
  0.040000	  0.080000	  0.800000	  0.080000	

MOTIF MYC_disc5.POUR MYC_K562_encode-Snyder_seq_hsa_r1:MDscan#2#Intergenic_0.10449520368

letter-probability matrix: alength= 4 w= 9 nsites= 20 E= 0
  0.048780	  0.000000	  0.000000	  0.951220	
  0.195122	  0.000000	  0.658537	  0.146341	
  0.000000	  1.000000	  0.000000	  0.000000	
  0.902439	  0.000000	  0.097561	  0.000000	
  0.000000	  0.073171	  0.048780	  0.878049	
  0.097561	  0.902439	  0.000000	  0.000000	
  1.000000	  0.000000	  0.000000	  0.000000	
  0.048780	  0.121951	  0.512196	  0.317073	
  0.146341	  0.634147	  0.170732	  0.048780	

MOTIF cMyc_4.GUERTIN cMyc_0.103790820092

letter-probability matrix: alength= 4 w= 17 nsites= 20 E= 0
  0.034483	  0.241379	  0.000000	  0.724138	
  0.034483	  0.034483	  0.482759	  0.448276	
  0.034483	  0.793103	  0.000000	  0.172414	
  0.000000	  0.137931	  0.034483	  0.827586	
  0.034483	  0.000000	  0.965517	  0.000000	
  0.000000	  0.000000	  1.000000	  0.000000	
  0.068966	  0.000000	  0.931034	  0.000000	
  0.724138	  0.034483	  0.172414	  0.068966	
  0.551724	  0.068966	  0.379310	  0.000000	
  0.413793	  0.241379	  0.103448	  0.241379	
  0.000000	  0.034483	  0.000000	  0.965517	
  0.000000	  0.000000	  1.000000	  0.000000	
  0.034483	  0.068966	  0.000000	  0.896552	
  0.862069	  0.000000	  0.103448	  0.034483	
  0.000000	  0.000000	  1.000000	  0.000000	
  0.000000	  0.000000	  0.000000	  1.000000	
  0.000000	  0.413793	  0.068966	  0.517241	

MOTIF MYC.1_3.ZLAB MYC_0.100349857845

letter-probability matrix: alength= 4 w= 20 nsites= 20 E= 0
  1.000000	  0.000000	  0.000000	  0.000000	
  0.000000	  0.950000	  0.000000	  0.050000	
  0.000000	  0.000000	  0.000000	  1.000000	
  0.900000	  0.050000	  0.000000	  0.050000	
  0.050000	  0.900000	  0.000000	  0.050000	
  0.900000	  0.050000	  0.000000	  0.050000	
  0.350000	  0.200000	  0.150000	  0.300000	
  0.250000	  0.250000	  0.000000	  0.500000	
  0.100000	  0.050000	  0.000000	  0.850000	
  0.000000	  1.000000	  0.000000	  0.000000	
  0.000000	  0.950000	  0.000000	  0.050000	
  0.000000	  0.950000	  0.000000	  0.050000	
  0.850000	  0.000000	  0.100000	  0.050000	
  0.150000	  0.050000	  0.700000	  0.100000	
  0.450000	  0.150000	  0.250000	  0.150000	
  0.700000	  0.000000	  0.300000	  0.000000	
  0.200000	  0.050000	  0.250000	  0.500000	
  0.000000	  0.250000	  0.550000	  0.200000	
  0.050000	  0.800000	  0.000000	  0.150000	
  0.250000	  0.550000	  0.000000	  0.200000	

MOTIF cMyc_2.GUERTIN cMyc_0.0984134125007

letter-probability matrix: alength= 4 w= 8 nsites= 20 E= 0
  0.000000	  0.000000	  0.000000	  1.000000	
  0.000000	  0.000000	  1.000000	  0.000000	
  1.000000	  0.000000	  0.000000	  0.000000	
  0.000000	  0.189873	  0.000000	  0.810127	
  0.000000	  0.000000	  1.000000	  0.000000	
  0.126582	  0.708861	  0.000000	  0.164557	
  1.000000	  0.000000	  0.000000	  0.000000	
  1.000000	  0.000000	  0.000000	  0.000000	

MOTIF MYC.1_5.ZLAB MYC_0.0935226767936

letter-probability matrix: alength= 4 w= 14 nsites= 20 E= 0
  0.696970	  0.000000	  0.303030	  0.000000	
  0.757576	  0.242424	  0.000000	  0.000000	
  0.878788	  0.000000	  0.000000	  0.121212	
  0.575758	  0.000000	  0.424242	  0.000000	
  0.303030	  0.121212	  0.484848	  0.090909	
  0.212121	  0.000000	  0.787879	  0.000000	
  0.575758	  0.000000	  0.424242	  0.000000	
  0.939394	  0.060606	  0.000000	  0.000000	
  0.636364	  0.030303	  0.333333	  0.000000	
  0.333333	  0.000000	  0.666667	  0.000000	
  0.060606	  0.000000	  0.242424	  0.696970	
  0.333333	  0.000000	  0.666667	  0.000000	
  0.696970	  0.000000	  0.303030	  0.000000	
  0.696970	  0.060606	  0.090909	  0.151515	

MOTIF MYC_disc3.POUR MAX_HeLa-S3_encode-Snyder_seq_hsa_r1:MDscan#1#Intergenic_0.0918189534167

letter-probability matrix: alength= 4 w= 9 nsites= 20 E= 0
  0.000000	  0.000000	  0.000000	  1.000000	
  0.000000	  0.000000	  1.000000	  0.000000	
  1.000000	  0.000000	  0.000000	  0.000000	
  0.032258	  0.526882	  0.408602	  0.032258	
  0.000000	  0.000000	  0.000000	  1.000000	
  0.043011	  0.956989	  0.000000	  0.000000	
  1.000000	  0.000000	  0.000000	  0.000000	
  0.086022	  0.258065	  0.290323	  0.365591	
  0.107527	  0.301075	  0.290323	  0.301075	

MOTIF MYC_disc8.POUR MYC_HUVEC_encode-Crawford_seq_hsa_r1:Trawler#3#Intergenic_0.0905867372114

letter-probability matrix: alength= 4 w= 7 nsites= 20 E= 0
  0.743363	  0.000000	  0.176991	  0.079646	
  0.017699	  0.796460	  0.185841	  0.000000	
  0.053097	  0.088496	  0.787611	  0.070796	
  0.035398	  0.964602	  0.000000	  0.000000	
  0.106195	  0.256637	  0.610619	  0.026549	
  0.000000	  0.000000	  0.867257	  0.132743	
  0.123894	  0.123894	  0.000000	  0.752212	

MOTIF MYC_disc4.POUR MAX_H1-hESC_encode-Snyder_seq_hsa_r1:MDscan#2#Intergenic_0.0896281521744

letter-probability matrix: alength= 4 w= 9 nsites= 20 E= 0
  0.000000	  0.000000	  0.000000	  1.000000	
  0.059701	  0.119403	  0.000000	  0.820896	
  0.149254	  0.059701	  0.611941	  0.179104	
  0.044776	  0.835821	  0.000000	  0.119403	
  0.014925	  0.865672	  0.000000	  0.119403	
  0.776120	  0.089552	  0.000000	  0.134328	
  0.000000	  0.059701	  0.000000	  0.940299	
  0.119403	  0.000000	  0.880597	  0.000000	
  0.074627	  0.000000	  0.925373	  0.000000	

MOTIF MYC_disc10.POUR MYC_HUVEC_encode-Crawford_seq_hsa_r1:AlignACE#1#Intergenic_0.0784597019646

letter-probability matrix: alength= 4 w= 10 nsites= 20 E= 0
  0.355152	  0.201212	  0.150303	  0.293333	
  0.000000	  0.000000	  1.000000	  0.000000	
  0.000000	  0.329697	  0.670303	  0.000000	
  0.256970	  0.376970	  0.351515	  0.014545	
  0.256970	  0.273939	  0.310303	  0.158788	
  0.117576	  0.218182	  0.578181	  0.086061	
  0.032727	  0.347879	  0.567273	  0.052121	
  0.241212	  0.141818	  0.469091	  0.147879	
  0.000000	  0.152727	  0.847273	  0.000000	
  0.093333	  0.384242	  0.522425	  0.000000	

MOTIF c-Myc_3.HOMER mES-cMyc-ChIP-Seq_0.0771813627917

letter-probability matrix: alength= 4 w= 13 nsites= 20 E= 0
  0.006000	  0.958000	  0.035000	  0.001000	
  0.741000	  0.066000	  0.063000	  0.130000	
  0.214000	  0.031000	  0.092000	  0.664000	
  0.001000	  0.004000	  0.994000	  0.001000	
  0.001000	  0.854000	  0.022000	  0.122000	
  0.015000	  0.962000	  0.001000	  0.022000	
  0.024000	  0.724000	  0.016000	  0.236000	
  0.246000	  0.022000	  0.686000	  0.046000	
  0.012000	  0.006000	  0.978000	  0.004000	
  0.117000	  0.018000	  0.864000	  0.001000	
  0.006000	  0.992000	  0.001000	  0.001000	
  0.724000	  0.088000	  0.058000	  0.129000	
  0.166000	  0.086000	  0.186000	  0.562000	
