MEME version 4.4

ALPHABET= ACGT

strands: + -

Background letter frequencies (from uniform background):
A 0.25000 C 0.25000 G 0.25000 T 0.25000 

MOTIF NANOG.CHEN2008 NANOG

letter-probability matrix: alength= 4 w= 15 nsites= 20 E= 0
  0.012500	  0.825000	  0.012500	  0.150000	
  0.650000	  0.012500	  0.000000	  0.337500	
  0.000000	  0.000000	  0.000000	  1.000000	
  0.000000	  0.000000	  0.000000	  1.000000	
  0.000000	  0.062500	  0.925000	  0.012500	
  0.037500	  0.012500	  0.012500	  0.937500	
  0.037500	  0.612500	  0.175000	  0.175000	
  0.712500	  0.112500	  0.000000	  0.175000	
  0.012500	  0.000000	  0.037500	  0.950000	
  0.012500	  0.037500	  0.575000	  0.375000	
  0.050000	  0.600000	  0.150000	  0.200000	
  0.375000	  0.200000	  0.037500	  0.387500	
  0.387500	  0.150000	  0.237500	  0.225000	
  0.512500	  0.150000	  0.150000	  0.187500	
  0.200000	  0.250000	  0.150000	  0.400000	

MOTIF NANOG_f1.HOCOMOCO NANOG

letter-probability matrix: alength= 4 w= 7 nsites= 20 E= 0
  0.000000	  0.000000	  0.000000	  1.000000	
  0.000000	  0.000000	  0.200000	  0.800000	
  1.000000	  0.000000	  0.000000	  0.000000	
  1.000000	  0.000000	  0.000000	  0.000000	
  0.000000	  0.000000	  0.000000	  1.000000	
  0.000000	  0.000000	  1.000000	  0.000000	
  0.000000	  0.200000	  0.600000	  0.200000	

MOTIF Nanog.HOMER mES-Nanog-ChIP-Seq

letter-probability matrix: alength= 4 w= 9 nsites= 20 E= 0
  0.085000	  0.283000	  0.572000	  0.060000	
  0.026000	  0.762000	  0.016000	  0.196000	
  0.302000	  0.619000	  0.035000	  0.045000	
  0.919000	  0.019000	  0.011000	  0.052000	
  0.001000	  0.003000	  0.001000	  0.995000	
  0.001000	  0.364000	  0.003000	  0.632000	
  0.736000	  0.116000	  0.036000	  0.112000	
  0.580000	  0.115000	  0.240000	  0.065000	
  0.182000	  0.477000	  0.227000	  0.114000	

MOTIF NANOG_disc1.POUR NANOG_H1-hESC_encode-Myers_seq_hsa_v041610.2-SC-33759_r1:MDscan#3#Intergenic

letter-probability matrix: alength= 4 w= 9 nsites= 20 E= 0
  0.133929	  0.169643	  0.035714	  0.660714	
  0.857142	  0.026786	  0.008929	  0.107143	
  0.062500	  0.000000	  0.000000	  0.937500	
  0.053571	  0.000000	  0.892858	  0.053571	
  0.000000	  0.803571	  0.044643	  0.151786	
  0.982143	  0.000000	  0.000000	  0.017857	
  0.598214	  0.000000	  0.169643	  0.232143	
  0.982143	  0.000000	  0.000000	  0.017857	
  0.035714	  0.169643	  0.107143	  0.687500	

MOTIF NANOG_disc2.POUR NANOG_H1-hESC_encode-Myers_seq_hsa_v041610.2-SC-33759_r1:MEME#2#Intergenic

letter-probability matrix: alength= 4 w= 14 nsites= 20 E= 0
  0.280000	  0.048000	  0.280000	  0.392000	
  0.192000	  0.128000	  0.612000	  0.068000	
  0.316000	  0.348000	  0.284000	  0.052000	
  0.668000	  0.044000	  0.252000	  0.036000	
  0.428000	  0.060000	  0.288000	  0.224000	
  0.428000	  0.208000	  0.300000	  0.064000	
  0.780000	  0.016000	  0.080000	  0.124000	
  0.040000	  0.768000	  0.192000	  0.000000	
  1.000000	  0.000000	  0.000000	  0.000000	
  0.864000	  0.016000	  0.120000	  0.000000	
  0.720000	  0.008000	  0.024000	  0.248000	
  0.200000	  0.000000	  0.784000	  0.016000	
  0.256000	  0.236000	  0.492000	  0.016000	
  0.348000	  0.368000	  0.216000	  0.068000	

MOTIF NANOG_disc3.POUR NANOG_H1-hESC_encode-Myers_seq_hsa_v041610.2-SC-33759_r1:MEME#1#Intergenic

letter-probability matrix: alength= 4 w= 9 nsites= 20 E= 0
  0.060000	  0.896000	  0.004000	  0.040000	
  0.404000	  0.372000	  0.000000	  0.224000	
  0.004000	  0.996000	  0.000000	  0.000000	
  0.760000	  0.008000	  0.000000	  0.232000	
  0.012000	  0.048000	  0.940000	  0.000000	
  0.112000	  0.680000	  0.164000	  0.044000	
  0.660000	  0.052000	  0.112000	  0.176000	
  0.124000	  0.000000	  0.736000	  0.140000	
  0.044000	  0.132000	  0.764000	  0.060000	

MOTIF NANOG_disc4.POUR NANOG_H1-hESC_encode-Myers_seq_hsa_v041610.2-SC-33759_r1:MDscan#1#Intergenic

letter-probability matrix: alength= 4 w= 9 nsites= 20 E= 0
  0.173228	  0.000000	  0.763780	  0.062992	
  0.267717	  0.732283	  0.000000	  0.000000	
  1.000000	  0.000000	  0.000000	  0.000000	
  0.173228	  0.000000	  0.000000	  0.826772	
  0.464567	  0.086614	  0.212598	  0.236220	
  0.283465	  0.094488	  0.039370	  0.582677	
  0.078740	  0.551181	  0.370079	  0.000000	
  0.834646	  0.000000	  0.031496	  0.133858	
  1.000000	  0.000000	  0.000000	  0.000000	

MOTIF nanog.MacIsaac nanog

letter-probability matrix: alength= 4 w= 7 nsites= 20 E= 0
  0.878611	  0.044374	  0.018970	  0.058044	
  0.038890	  0.055097	  0.735665	  0.170347	
  0.069362	  0.319053	  0.119731	  0.491853	
  0.491853	  0.119731	  0.319053	  0.069362	
  0.170347	  0.735665	  0.055097	  0.038890	
  0.058044	  0.018970	  0.044374	  0.878611	
  0.018659	  0.022198	  0.022854	  0.936288	

MOTIF nanog_1.MacIsaac nanog

letter-probability matrix: alength= 4 w= 6 nsites= 20 E= 0
  0.778841	  0.059056	  0.042079	  0.120024	
  0.022799	  0.027147	  0.018236	  0.931818	
  0.329785	  0.170215	  0.170215	  0.329785	
  0.931818	  0.018236	  0.027147	  0.022799	
  0.120024	  0.042079	  0.059056	  0.778841	
  0.040424	  0.057639	  0.044353	  0.857585	

MOTIF nanog_2.MacIsaac nanog

letter-probability matrix: alength= 4 w= 10 nsites= 20 E= 0
  0.875514	  0.020177	  0.038098	  0.066210	
  0.920047	  0.035908	  0.008623	  0.035422	
  0.071259	  0.041865	  0.044683	  0.842192	
  0.122275	  0.154627	  0.204315	  0.518783	
  0.318501	  0.181499	  0.181499	  0.318501	
  0.518783	  0.204315	  0.154627	  0.122275	
  0.842192	  0.044683	  0.041865	  0.071259	
  0.035422	  0.008623	  0.035908	  0.920047	
  0.066210	  0.038098	  0.020177	  0.875514	
  0.864555	  0.019746	  0.061926	  0.053773	

MOTIF nanog_3.MacIsaac nanog

letter-probability matrix: alength= 4 w= 7 nsites= 20 E= 0
  0.906332	  0.041898	  0.025436	  0.026335	
  0.895682	  0.044562	  0.023633	  0.036123	
  0.024657	  0.016244	  0.039447	  0.919652	
  0.017078	  0.035236	  0.035555	  0.912130	
  0.867394	  0.014565	  0.103354	  0.014688	
  0.764269	  0.087720	  0.085677	  0.062334	
  0.068918	  0.083848	  0.107018	  0.740217	

MOTIF NANOG_1.GUERTIN NANOG

letter-probability matrix: alength= 4 w= 16 nsites= 20 E= 0
  0.093023	  0.279070	  0.291990	  0.335917	
  0.043928	  0.558140	  0.155039	  0.242894	
  0.041344	  0.534884	  0.018088	  0.405685	
  0.294574	  0.062016	  0.025840	  0.617571	
  0.000000	  0.028424	  0.015504	  0.956072	
  0.064599	  0.002584	  0.000000	  0.932817	
  0.082687	  0.229974	  0.612403	  0.074935	
  0.382429	  0.005168	  0.046512	  0.565891	
  0.248062	  0.279070	  0.113695	  0.359173	
  0.749354	  0.051680	  0.046512	  0.152455	
  0.046512	  0.000000	  0.015504	  0.937984	
  0.005168	  0.000000	  0.816537	  0.178295	
  0.036176	  0.573643	  0.077519	  0.312661	
  0.695090	  0.000000	  0.000000	  0.304910	
  0.617571	  0.025840	  0.284238	  0.072351	
  0.793282	  0.025840	  0.072351	  0.108527	

MOTIF NANOG_2.GUERTIN NANOG

letter-probability matrix: alength= 4 w= 11 nsites= 20 E= 0
  0.177384	  0.270510	  0.164080	  0.388027	
  0.000000	  0.977827	  0.022173	  0.000000	
  0.184035	  0.815965	  0.000000	  0.000000	
  0.161863	  0.263858	  0.000000	  0.574279	
  0.199557	  0.126386	  0.674058	  0.000000	
  0.000000	  1.000000	  0.000000	  0.000000	
  0.215078	  0.000000	  0.000000	  0.784922	
  0.000000	  0.000000	  1.000000	  0.000000	
  0.290466	  0.000000	  0.294900	  0.414634	
  0.000000	  0.050998	  0.776053	  0.172949	
  0.352550	  0.241685	  0.161863	  0.243902	

MOTIF NANOG_3.GUERTIN NANOG

letter-probability matrix: alength= 4 w= 19 nsites= 20 E= 0
  0.030303	  0.272727	  0.606061	  0.090909	
  0.515152	  0.181818	  0.303030	  0.000000	
  0.500000	  0.045455	  0.272727	  0.181818	
  0.166667	  0.000000	  0.833333	  0.000000	
  0.000000	  0.000000	  1.000000	  0.000000	
  0.363636	  0.136364	  0.500000	  0.000000	
  0.560606	  0.000000	  0.409091	  0.030303	
  0.136364	  0.060606	  0.772727	  0.030303	
  0.378788	  0.136364	  0.303030	  0.181818	
  0.060606	  0.045455	  0.621212	  0.272727	
  0.242424	  0.015152	  0.742424	  0.000000	
  0.136364	  0.090909	  0.772727	  0.000000	
  0.227273	  0.030303	  0.666667	  0.075758	
  0.257576	  0.106061	  0.500000	  0.136364	
  0.621212	  0.030303	  0.287879	  0.060606	
  0.257576	  0.000000	  0.742424	  0.000000	
  0.227273	  0.000000	  0.772727	  0.000000	
  0.196970	  0.106061	  0.696970	  0.000000	
  0.227273	  0.030303	  0.545455	  0.196970	

MOTIF NANOG_4.GUERTIN NANOG

letter-probability matrix: alength= 4 w= 19 nsites= 20 E= 0
  0.284404	  0.174312	  0.532110	  0.009174	
  0.449541	  0.000000	  0.532110	  0.018349	
  0.559633	  0.256881	  0.183486	  0.000000	
  0.623853	  0.119266	  0.027523	  0.229358	
  0.220183	  0.082569	  0.220183	  0.477064	
  0.266055	  0.000000	  0.256881	  0.477064	
  0.091743	  0.348624	  0.532110	  0.027523	
  0.880734	  0.018349	  0.100917	  0.000000	
  0.587156	  0.018349	  0.366972	  0.027523	
  0.431193	  0.000000	  0.192661	  0.376147	
  0.220183	  0.055046	  0.688073	  0.036697	
  0.321101	  0.110092	  0.568807	  0.000000	
  0.871560	  0.119266	  0.009174	  0.000000	
  0.605505	  0.036697	  0.055046	  0.302752	
  0.256881	  0.000000	  0.284404	  0.458716	
  0.192661	  0.000000	  0.577982	  0.229358	
  0.284404	  0.119266	  0.550459	  0.045872	
  0.862385	  0.100917	  0.036697	  0.000000	
  0.935780	  0.000000	  0.045872	  0.018349	

MOTIF Nanog.TF2DNA Nanog

letter-probability matrix: alength= 4 w= 8 nsites= 20 E= 0
  0.118000	  0.228000	  0.061000	  0.592000	
  1.000000	  0.000000	  0.000000	  0.000000	
  1.000000	  0.000000	  0.000000	  0.000000	
  0.063000	  0.000000	  0.000000	  0.937000	
  0.237000	  0.000000	  0.023000	  0.740000	
  0.275000	  0.000000	  0.725000	  0.000000	
  0.453000	  0.050000	  0.301000	  0.196000	
  0.483000	  0.205000	  0.202000	  0.110000	

MOTIF NANOG-mouse.SWISSREGULON NANOG-mouse.p2

letter-probability matrix: alength= 4 w= 11 nsites= 20 E= 0
  0.210000	  0.120000	  0.610000	  0.060000	
  0.240000	  0.010000	  0.740000	  0.010000	
  0.340000	  0.360000	  0.290000	  0.010000	
  0.080800	  0.626300	  0.000000	  0.292900	
  0.010000	  0.980000	  0.010000	  0.000000	
  0.980000	  0.010000	  0.000000	  0.010000	
  0.030000	  0.000000	  0.030000	  0.940000	
  0.000000	  0.010000	  0.000000	  0.990000	
  0.160000	  0.020000	  0.330000	  0.490000	
  0.200000	  0.620000	  0.100000	  0.080000	
  0.000000	  1.000000	  0.000000	  0.000000	

MOTIF NANOG.SWISSREGULON NANOG.p2

letter-probability matrix: alength= 4 w= 6 nsites= 20 E= 0
  1.000000	  0.000000	  0.000000	  0.000000	
  1.000000	  0.000000	  0.000000	  0.000000	
  0.000000	  0.000000	  0.258820	  0.741180	
  0.000000	  0.000000	  0.247140	  0.752860	
  0.268700	  0.000000	  0.731300	  0.000000	
  0.000000	  0.612560	  0.387440	  0.000000	

MOTIF M6357_1.02.CIS-BP NANOG

letter-probability matrix: alength= 4 w= 7 nsites= 20 E= 0
  0.000000	  0.000000	  0.000000	  1.000000	
  0.000000	  0.000000	  0.217391	  0.782609	
  1.000000	  0.000000	  0.000000	  0.000000	
  1.000000	  0.000000	  0.000000	  0.000000	
  0.000000	  0.000000	  0.000000	  1.000000	
  0.000000	  0.000000	  1.000000	  0.000000	
  0.000000	  0.195652	  0.608696	  0.195652	

