MEME version 4.4

ALPHABET= ACGT

strands: + -

    Background letter frequencies (from uniform background):
    A 0.25000 C 0.25000 G 0.25000 T 0.25000

MOTIF REST_f1.HOCOMOCO REST_0.330309163553

letter-probability matrix: alength= 4 w= 21 nsites= 20 E= 0
  0.141780	  0.030735	  0.705605	  0.121879	
  0.092558	  0.204663	  0.593853	  0.108926	
  0.289920	  0.459256	  0.025200	  0.225624	
  0.128238	  0.120937	  0.624588	  0.126236	
  0.017899	  0.917216	  0.032619	  0.032266	
  0.017546	  0.017193	  0.008125	  0.957136	
  0.040155	  0.136246	  0.806288	  0.017310	
  0.035092	  0.032972	  0.077602	  0.854333	
  0.006006	  0.959962	  0.007065	  0.026967	
  0.005888	  0.956194	  0.005888	  0.032030	
  0.492346	  0.092558	  0.269195	  0.145902	
  0.197715	  0.136364	  0.122233	  0.543688	
  0.044159	  0.016604	  0.920513	  0.018724	
  0.010245	  0.018370	  0.965850	  0.005535	
  0.012129	  0.011540	  0.010127	  0.966203	
  0.090909	  0.158855	  0.670631	  0.079604	
  0.007537	  0.950071	  0.022021	  0.020372	
  0.020019	  0.050400	  0.020372	  0.909209	
  0.062176	  0.029439	  0.865520	  0.042864	
  0.706076	  0.098681	  0.164037	  0.031206	
  0.549576	  0.222209	  0.098092	  0.130122	

MOTIF REST.SWISSREGULON REST.p3_0.328295655842

letter-probability matrix: alength= 4 w= 20 nsites= 20 E= 0
  0.022137	  0.110939	  0.063463	  0.803462	
  0.026308	  0.936158	  0.008103	  0.029430	
  0.981675	  0.002617	  0.014404	  0.001304	
  0.021805	  0.002614	  0.974276	  0.001304	
  0.059197	  0.689590	  0.160977	  0.090236	
  0.993460	  0.001304	  0.002619	  0.002617	
  0.001301	  0.996094	  0.001304	  0.001301	
  0.014470	  0.937631	  0.003378	  0.044521	
  0.579299	  0.098436	  0.143966	  0.178299	
  0.132733	  0.314128	  0.077243	  0.475896	
  0.015690	  0.002596	  0.980410	  0.001304	
  0.013081	  0.001304	  0.983021	  0.002593	
  0.908747	  0.062505	  0.005198	  0.023550	
  0.008937	  0.798326	  0.153477	  0.039260	
  0.993522	  0.002617	  0.001312	  0.002549	
  0.015671	  0.005175	  0.971309	  0.007845	
  0.104301	  0.675752	  0.104661	  0.115286	
  0.206786	  0.018163	  0.469737	  0.305314	
  0.130758	  0.588767	  0.209848	  0.070626	
  0.084751	  0.783885	  0.007858	  0.123506	

MOTIF REST.1_1.ZLAB REST_0.324252372368

letter-probability matrix: alength= 4 w= 20 nsites= 20 E= 0
  0.051471	  0.220588	  0.644608	  0.083333	
  0.264706	  0.553922	  0.017157	  0.164216	
  0.080882	  0.107843	  0.718137	  0.093137	
  0.004902	  0.975490	  0.004902	  0.014706	
  0.012255	  0.000000	  0.000000	  0.987745	
  0.022059	  0.090686	  0.887255	  0.000000	
  0.039216	  0.012255	  0.063725	  0.884804	
  0.000000	  0.985294	  0.000000	  0.014706	
  0.002451	  0.980392	  0.000000	  0.017157	
  0.463235	  0.100490	  0.348039	  0.088235	
  0.186275	  0.159314	  0.098039	  0.556373	
  0.022059	  0.009804	  0.960784	  0.007353	
  0.000000	  0.000000	  1.000000	  0.000000	
  0.009804	  0.000000	  0.000000	  0.990196	
  0.046569	  0.134804	  0.764706	  0.053922	
  0.000000	  0.970588	  0.014706	  0.014706	
  0.007353	  0.026961	  0.000000	  0.965686	
  0.039216	  0.014706	  0.936275	  0.009804	
  0.781863	  0.063725	  0.144608	  0.009804	
  0.553922	  0.254902	  0.090686	  0.100490	

MOTIF REST-NRSF.HOMER Jurkat-NRSF-ChIP-Seq_0.323136603527

letter-probability matrix: alength= 4 w= 19 nsites= 20 E= 0
  0.062000	  0.130000	  0.716000	  0.093000	
  0.448000	  0.303000	  0.037000	  0.213000	
  0.108000	  0.066000	  0.717000	  0.109000	
  0.006000	  0.966000	  0.007000	  0.021000	
  0.002000	  0.002000	  0.001000	  0.995000	
  0.048000	  0.121000	  0.822000	  0.009000	
  0.038000	  0.014000	  0.065000	  0.883000	
  0.001000	  0.985000	  0.001000	  0.013000	
  0.001000	  0.980000	  0.001000	  0.018000	
  0.579000	  0.080000	  0.212000	  0.130000	
  0.165000	  0.086000	  0.125000	  0.624000	
  0.041000	  0.008000	  0.931000	  0.019000	
  0.001000	  0.002000	  0.996000	  0.001000	
  0.002000	  0.003000	  0.001000	  0.994000	
  0.066000	  0.159000	  0.701000	  0.074000	
  0.010000	  0.953000	  0.014000	  0.023000	
  0.012000	  0.020000	  0.010000	  0.958000	
  0.040000	  0.013000	  0.914000	  0.033000	
  0.761000	  0.075000	  0.135000	  0.029000	

MOTIF MA0138.2.JASPAR REST_0.32206671958

letter-probability matrix: alength= 4 w= 20 nsites= 20 E= 0
  0.036318	  0.168441	  0.091421	  0.703820	
  0.047589	  0.855354	  0.031309	  0.065748	
  0.906367	  0.018727	  0.058677	  0.016230	
  0.021197	  0.027431	  0.945137	  0.006234	
  0.076012	  0.609346	  0.201246	  0.113396	
  0.980697	  0.004359	  0.007472	  0.007472	
  0.001868	  0.987547	  0.007472	  0.003113	
  0.021793	  0.922167	  0.012453	  0.043587	
  0.568847	  0.125234	  0.100935	  0.204984	
  0.136534	  0.233791	  0.077307	  0.552369	
  0.024314	  0.004364	  0.966958	  0.004364	
  0.012469	  0.003117	  0.983167	  0.001247	
  0.877105	  0.069869	  0.021210	  0.031815	
  0.008125	  0.800000	  0.145625	  0.046250	
  0.983750	  0.005625	  0.004375	  0.006250	
  0.026349	  0.008156	  0.959849	  0.005646	
  0.128688	  0.632141	  0.114878	  0.124294	
  0.229899	  0.019472	  0.432161	  0.318467	
  0.133962	  0.586792	  0.200629	  0.078616	
  0.112579	  0.700629	  0.023270	  0.163522	

MOTIF REST_1.GUERTIN REST_0.281723834599

letter-probability matrix: alength= 4 w= 15 nsites= 20 E= 0
  0.024169	  0.006042	  0.012085	  0.957704	
  0.066465	  0.160121	  0.752266	  0.021148	
  0.018127	  0.030211	  0.099698	  0.851964	
  0.000000	  0.957704	  0.003021	  0.039275	
  0.000000	  0.963746	  0.003021	  0.033233	
  0.522659	  0.084592	  0.199396	  0.193353	
  0.250755	  0.054381	  0.117825	  0.577039	
  0.042296	  0.012085	  0.933535	  0.012085	
  0.000000	  0.003021	  0.990937	  0.006042	
  0.000000	  0.015106	  0.000000	  0.984894	
  0.108761	  0.208459	  0.616314	  0.066465	
  0.021148	  0.939577	  0.024169	  0.015106	
  0.015106	  0.069486	  0.012085	  0.903323	
  0.102719	  0.048338	  0.815710	  0.033233	
  0.622356	  0.105740	  0.196375	  0.075529	

MOTIF REST_disc1.POUR REST_GM12878_encode-Myers_seq_hsa_PCR2x_r1:MEME#2#Intergenic_0.251279778046

letter-probability matrix: alength= 4 w= 14 nsites= 20 E= 0
  0.008403	  0.092437	  0.058824	  0.840336	
  0.008403	  0.953782	  0.000000	  0.037815	
  1.000000	  0.000000	  0.000000	  0.000000	
  0.004202	  0.000000	  0.995798	  0.000000	
  0.029412	  0.815126	  0.126050	  0.029412	
  1.000000	  0.000000	  0.000000	  0.000000	
  0.004202	  0.995798	  0.000000	  0.000000	
  0.021008	  0.936976	  0.008403	  0.033613	
  0.542017	  0.096639	  0.193277	  0.168067	
  0.088235	  0.386555	  0.134454	  0.390756	
  0.029412	  0.037815	  0.924370	  0.008403	
  0.050420	  0.025210	  0.911765	  0.012605	
  0.789916	  0.084034	  0.075630	  0.050420	
  0.021008	  0.785715	  0.168067	  0.025210	

MOTIF COREST_3.GUERTIN COREST_0.237926349644

letter-probability matrix: alength= 4 w= 15 nsites= 20 E= 0
  0.000000	  0.000000	  0.000000	  1.000000	
  0.058824	  0.000000	  0.941176	  0.000000	
  0.000000	  0.000000	  0.058824	  0.941176	
  0.000000	  1.000000	  0.000000	  0.000000	
  0.000000	  1.000000	  0.000000	  0.000000	
  0.411765	  0.235294	  0.117647	  0.235294	
  0.235294	  0.176471	  0.058824	  0.529412	
  0.000000	  0.000000	  1.000000	  0.000000	
  0.000000	  0.000000	  1.000000	  0.000000	
  0.000000	  0.000000	  0.000000	  1.000000	
  0.058824	  0.117647	  0.647059	  0.176471	
  0.000000	  1.000000	  0.000000	  0.000000	
  0.000000	  0.000000	  0.000000	  1.000000	
  0.000000	  0.058824	  0.941176	  0.000000	
  0.941176	  0.000000	  0.058824	  0.000000	

MOTIF M4469_1.02.CIS-BP REST_0.213121890733

letter-probability matrix: alength= 4 w= 13 nsites= 20 E= 0
  0.018868	  0.880503	  0.046122	  0.054507	
  0.012579	  0.895178	  0.050314	  0.041929	
  0.387841	  0.142558	  0.358491	  0.111111	
  0.155136	  0.174004	  0.117400	  0.553460	
  0.052411	  0.010482	  0.924528	  0.012579	
  0.000000	  0.000000	  1.000000	  0.000000	
  0.006289	  0.000000	  0.000000	  0.993711	
  0.027254	  0.113208	  0.821802	  0.037736	
  0.000000	  0.995807	  0.000000	  0.004193	
  0.000000	  0.000000	  0.000000	  1.000000	
  0.027254	  0.000000	  0.970650	  0.002096	
  0.832286	  0.062893	  0.102725	  0.002096	
  0.637316	  0.197065	  0.075472	  0.090147	

MOTIF REST_disc2.POUR REST_U87_encode-Myers_seq_hsa_PCR2x_r1:MDscan#2#Intergenic_0.182736819981

letter-probability matrix: alength= 4 w= 9 nsites= 20 E= 0
  0.040000	  0.131429	  0.828571	  0.000000	
  0.000000	  0.000000	  0.045714	  0.954286	
  0.000000	  1.000000	  0.000000	  0.000000	
  0.000000	  1.000000	  0.000000	  0.000000	
  0.542858	  0.000000	  0.388571	  0.068571	
  0.137143	  0.154286	  0.108571	  0.600000	
  0.000000	  0.000000	  1.000000	  0.000000	
  0.000000	  0.000000	  1.000000	  0.000000	
  0.000000	  0.000000	  0.000000	  1.000000	

MOTIF REST_disc3.POUR REST_PFSK-1_encode-Myers_seq_hsa_PCR2x_r1:MEME#1#Intergenic_0.153723048439

letter-probability matrix: alength= 4 w= 9 nsites= 20 E= 0
  0.008000	  0.000000	  0.992000	  0.000000	
  0.920000	  0.040000	  0.004000	  0.036000	
  0.004000	  0.944000	  0.048000	  0.004000	
  0.996000	  0.000000	  0.004000	  0.000000	
  0.000000	  0.000000	  1.000000	  0.000000	
  0.100000	  0.776000	  0.056000	  0.068000	
  0.136000	  0.020000	  0.492000	  0.352000	
  0.096000	  0.720000	  0.152000	  0.032000	
  0.060000	  0.812000	  0.004000	  0.124000	

MOTIF REST_2.GUERTIN REST_0.151232850126

letter-probability matrix: alength= 4 w= 11 nsites= 20 E= 0
  0.052326	  0.069767	  0.069767	  0.808140	
  0.005814	  0.005814	  0.988372	  0.000000	
  0.011628	  0.005814	  0.982558	  0.000000	
  0.947674	  0.046512	  0.005814	  0.000000	
  0.000000	  0.965116	  0.023256	  0.011628	
  1.000000	  0.000000	  0.000000	  0.000000	
  0.005814	  0.000000	  0.994186	  0.000000	
  0.139535	  0.674419	  0.005814	  0.180233	
  0.156977	  0.000000	  0.220930	  0.622093	
  0.087209	  0.773256	  0.139535	  0.000000	
  0.122093	  0.651163	  0.000000	  0.226744	

MOTIF REST.1_2.ZLAB REST_0.147261426869

letter-probability matrix: alength= 4 w= 10 nsites= 20 E= 0
  0.017544	  0.114035	  0.833333	  0.035088	
  0.517544	  0.315789	  0.008772	  0.157895	
  0.043860	  0.000000	  0.929825	  0.026316	
  0.000000	  1.000000	  0.000000	  0.000000	
  0.000000	  0.000000	  0.000000	  1.000000	
  0.000000	  0.035088	  0.964912	  0.000000	
  0.026316	  0.000000	  0.000000	  0.973684	
  0.000000	  0.991228	  0.000000	  0.008772	
  0.000000	  1.000000	  0.000000	  0.000000	
  0.491228	  0.078947	  0.324561	  0.105263	

MOTIF REST.1_3.ZLAB REST_0.146256522939

letter-probability matrix: alength= 4 w= 7 nsites= 20 E= 0
  0.000000	  0.000000	  0.000000	  1.000000	
  0.000000	  0.000000	  0.968421	  0.031579	
  0.000000	  1.000000	  0.000000	  0.000000	
  0.000000	  0.000000	  0.000000	  1.000000	
  0.000000	  0.000000	  1.000000	  0.000000	
  1.000000	  0.000000	  0.000000	  0.000000	
  0.810526	  0.063158	  0.052632	  0.073684	

MOTIF REST_disc7.POUR REST_H1-hESC_encode-Myers_seq_hsa_r1:Trawler#2#Intergenic_0.118134515863

letter-probability matrix: alength= 4 w= 7 nsites= 20 E= 0
  0.000000	  1.000000	  0.000000	  0.000000	
  1.000000	  0.000000	  0.000000	  0.000000	
  0.000000	  0.000000	  1.000000	  0.000000	
  0.000000	  1.000000	  0.000000	  0.000000	
  0.000000	  0.000000	  0.677419	  0.322581	
  0.483871	  0.000000	  0.000000	  0.516129	
  0.000000	  0.838710	  0.161290	  0.000000	

MOTIF REST_disc4.POUR REST_GM12878_encode-Myers_seq_hsa_PCR2x_r1:AlignACE#1#Intergenic_0.109423577023

letter-probability matrix: alength= 4 w= 13 nsites= 20 E= 0
  0.068108	  0.550270	  0.381622	  0.000000	
  0.406486	  0.178378	  0.214054	  0.201081	
  0.000000	  0.536216	  0.427027	  0.036757	
  0.057297	  0.610811	  0.262703	  0.069189	
  0.304865	  0.245405	  0.270270	  0.179459	
  0.252973	  0.210811	  0.277838	  0.258378	
  0.000000	  0.000000	  1.000000	  0.000000	
  0.034595	  0.243243	  0.722162	  0.000000	
  0.414054	  0.210811	  0.188108	  0.187027	
  0.000000	  0.593514	  0.406486	  0.000000	
  0.571892	  0.145946	  0.218378	  0.063784	
  0.000000	  0.088649	  0.911351	  0.000000	
  0.097297	  0.530811	  0.345946	  0.025946	

MOTIF REST_disc5.POUR REST_HepG2_encode-Myers_seq_hsa_PCR2x_r1:AlignACE#2#Intergenic_0.107419003425

letter-probability matrix: alength= 4 w= 10 nsites= 20 E= 0
  0.060984	  0.611227	  0.267498	  0.060291	
  0.192654	  0.334719	  0.367290	  0.105336	
  0.201663	  0.139986	  0.430353	  0.227997	
  0.067914	  0.028413	  0.903673	  0.000000	
  0.000000	  0.261261	  0.738739	  0.000000	
  0.288981	  0.189189	  0.181566	  0.340263	
  0.000000	  0.196812	  0.803188	  0.000000	
  0.000000	  0.769924	  0.230076	  0.000000	
  0.130977	  0.130977	  0.231462	  0.506584	
  0.000000	  0.208593	  0.791407	  0.000000	

MOTIF REST_disc10.POUR REST_H1-hESC_encode-Myers_seq_hsa_v041610.2_r1:Trawler#3#Intergenic_0.0990179734217

letter-probability matrix: alength= 4 w= 8 nsites= 20 E= 0
  1.000000	  0.000000	  0.000000	  0.000000	
  0.070175	  0.140351	  0.789474	  0.000000	
  0.000000	  0.105263	  0.859649	  0.035088	
  0.280702	  0.087719	  0.000000	  0.631579	
  0.105263	  0.000000	  0.894737	  0.000000	
  0.000000	  0.929825	  0.070175	  0.000000	
  0.052632	  0.052632	  0.052632	  0.842105	
  0.070175	  0.192982	  0.701754	  0.035088	

MOTIF REST_disc8.POUR REST_HeLa-S3_encode-Myers_seq_hsa_r1:AlignACE#2#Intergenic_0.0928742129667

letter-probability matrix: alength= 4 w= 13 nsites= 20 E= 0
  0.000000	  0.507983	  0.492017	  0.000000	
  0.348331	  0.223512	  0.150943	  0.277213	
  0.000000	  0.335269	  0.664731	  0.000000	
  0.162554	  0.564587	  0.172714	  0.100145	
  0.232221	  0.148041	  0.222061	  0.397678	
  0.000000	  0.422351	  0.577649	  0.000000	
  0.232221	  0.169811	  0.262700	  0.335269	
  0.000000	  0.566038	  0.433962	  0.000000	
  0.222061	  0.532656	  0.178520	  0.066763	
  0.235123	  0.343977	  0.357039	  0.063861	
  0.301887	  0.150943	  0.252540	  0.294630	
  0.000000	  0.082729	  0.917271	  0.000000	
  0.000000	  0.433962	  0.566038	  0.000000	

MOTIF REST_disc6.POUR REST_H1-hESC_encode-Myers_seq_hsa_v041610.2_r1:Trawler#2#Intergenic_0.0877308033374

letter-probability matrix: alength= 4 w= 7 nsites= 20 E= 0
  0.000000	  1.000000	  0.000000	  0.000000	
  1.000000	  0.000000	  0.000000	  0.000000	
  0.000000	  0.000000	  0.916667	  0.083333	
  0.000000	  0.833333	  0.166667	  0.000000	
  0.000000	  0.000000	  1.000000	  0.000000	
  0.166667	  0.416667	  0.250000	  0.166667	
  0.000000	  0.000000	  0.000000	  1.000000	

MOTIF REST_disc9.POUR REST_HTB-11_encode-Myers_seq_hsa_PCR2x_r1:AlignACE#2#Intergenic_0.0818208589132

letter-probability matrix: alength= 4 w= 13 nsites= 20 E= 0
  0.000000	  0.594326	  0.405674	  0.000000	
  0.279433	  0.167376	  0.219858	  0.333333	
  0.000000	  0.354610	  0.645390	  0.000000	
  0.309220	  0.163121	  0.202837	  0.324823	
  0.019858	  0.446809	  0.466667	  0.066667	
  0.085106	  0.411348	  0.400000	  0.103546	
  0.000000	  0.404255	  0.595745	  0.000000	
  0.302128	  0.219858	  0.197163	  0.280851	
  0.000000	  0.140426	  0.859574	  0.000000	
  0.079433	  0.329078	  0.578723	  0.012766	
  0.253901	  0.190071	  0.209929	  0.346099	
  0.042553	  0.208511	  0.714893	  0.034043	
  0.039716	  0.551773	  0.347518	  0.060993	

MOTIF Rest.TF2DNA Rest_0.070147608556

letter-probability matrix: alength= 4 w= 8 nsites= 20 E= 0
  0.194000	  0.000000	  0.570000	  0.236000	
  0.089000	  0.536000	  0.333000	  0.042000	
  0.000000	  1.000000	  0.000000	  0.000000	
  0.781000	  0.000000	  0.219000	  0.000000	
  0.000000	  0.000000	  1.000000	  0.000000	
  0.112000	  0.300000	  0.101000	  0.487000	
  0.528000	  0.021000	  0.077000	  0.374000	
  0.259000	  0.259000	  0.228000	  0.254000	

MOTIF REST.1_4.ZLAB REST_0.068392182561

letter-probability matrix: alength= 4 w= 14 nsites= 20 E= 0
  0.000000	  0.000000	  0.000000	  1.000000	
  0.000000	  0.153846	  0.846154	  0.000000	
  0.076923	  0.384615	  0.307692	  0.230769	
  0.153846	  0.076923	  0.000000	  0.769231	
  0.000000	  0.000000	  0.000000	  1.000000	
  0.000000	  0.461538	  0.000000	  0.538462	
  0.000000	  0.692308	  0.000000	  0.307692	
  0.000000	  1.000000	  0.000000	  0.000000	
  0.000000	  0.000000	  0.000000	  1.000000	
  0.000000	  0.230769	  0.769231	  0.000000	
  0.000000	  0.000000	  0.000000	  1.000000	
  0.000000	  0.769231	  0.153846	  0.076923	
  0.000000	  0.230769	  0.000000	  0.769231	
  0.000000	  0.384615	  0.076923	  0.538462	

MOTIF COREST_2.GUERTIN COREST_0.0646641109528

letter-probability matrix: alength= 4 w= 15 nsites= 20 E= 0
  0.455331	  0.000000	  0.432277	  0.112392	
  0.109510	  0.000000	  0.890490	  0.000000	
  0.308357	  0.288184	  0.403458	  0.000000	
  0.414986	  0.089337	  0.239193	  0.256484	
  0.291066	  0.066282	  0.642651	  0.000000	
  0.409222	  0.066282	  0.449568	  0.074928	
  0.340058	  0.000000	  0.625360	  0.034582	
  0.230548	  0.043228	  0.726225	  0.000000	
  0.622478	  0.005764	  0.371758	  0.000000	
  0.452450	  0.155620	  0.389049	  0.002882	
  0.360231	  0.020173	  0.380403	  0.239193	
  0.037464	  0.380403	  0.582133	  0.000000	
  0.639769	  0.000000	  0.083573	  0.276657	
  0.008646	  0.000000	  0.991354	  0.000000	
  0.288184	  0.201729	  0.510086	  0.000000	

MOTIF REST.1_5.ZLAB REST_0.0640068937353

letter-probability matrix: alength= 4 w= 20 nsites= 20 E= 0
  0.125000	  0.625000	  0.000000	  0.250000	
  0.000000	  0.000000	  0.625000	  0.375000	
  0.000000	  1.000000	  0.000000	  0.000000	
  0.000000	  0.125000	  0.000000	  0.875000	
  0.000000	  0.250000	  0.125000	  0.625000	
  0.000000	  0.000000	  0.000000	  1.000000	
  0.000000	  1.000000	  0.000000	  0.000000	
  0.000000	  0.125000	  0.000000	  0.875000	
  0.000000	  0.000000	  0.125000	  0.875000	
  0.125000	  0.500000	  0.375000	  0.000000	
  0.375000	  0.000000	  0.125000	  0.500000	
  0.000000	  0.000000	  1.000000	  0.000000	
  0.750000	  0.000000	  0.125000	  0.125000	
  0.125000	  0.625000	  0.000000	  0.250000	
  0.000000	  0.125000	  0.375000	  0.500000	
  0.000000	  0.000000	  1.000000	  0.000000	
  0.875000	  0.000000	  0.125000	  0.000000	
  0.250000	  0.375000	  0.375000	  0.000000	
  0.875000	  0.000000	  0.000000	  0.125000	
  0.375000	  0.000000	  0.000000	  0.625000	

MOTIF COREST_4.GUERTIN COREST_0.0554149540689

letter-probability matrix: alength= 4 w= 15 nsites= 20 E= 0
  0.000000	  1.000000	  0.000000	  0.000000	
  0.894737	  0.000000	  0.105263	  0.000000	
  0.000000	  0.105263	  0.000000	  0.894737	
  0.000000	  0.000000	  0.000000	  1.000000	
  0.000000	  0.000000	  0.052632	  0.947368	
  0.052632	  0.210526	  0.000000	  0.736842	
  0.947368	  0.000000	  0.000000	  0.052632	
  0.000000	  0.789474	  0.000000	  0.210526	
  0.947368	  0.000000	  0.052632	  0.000000	
  0.000000	  0.052632	  0.947368	  0.000000	
  1.000000	  0.000000	  0.000000	  0.000000	
  0.157895	  0.105263	  0.157895	  0.578947	
  0.157895	  0.000000	  0.789474	  0.052632	
  0.578947	  0.052632	  0.210526	  0.157895	
  0.000000	  0.000000	  0.842105	  0.157895	

MOTIF COREST_1.GUERTIN COREST_0.0536803396921

letter-probability matrix: alength= 4 w= 15 nsites= 20 E= 0
  0.428571	  0.114286	  0.361905	  0.095238	
  0.019048	  0.352381	  0.514286	  0.114286	
  0.047619	  0.509524	  0.009524	  0.433333	
  0.052381	  0.014286	  0.833333	  0.100000	
  0.061905	  0.880952	  0.028571	  0.028571	
  0.000000	  0.990476	  0.000000	  0.009524	
  0.314286	  0.642857	  0.004762	  0.038095	
  0.000000	  0.542857	  0.000000	  0.457143	
  0.000000	  1.000000	  0.000000	  0.000000	
  0.042857	  0.061905	  0.028571	  0.866667	
  0.257143	  0.076190	  0.557143	  0.109524	
  0.014286	  0.380952	  0.580952	  0.023810	
  0.119048	  0.142857	  0.023810	  0.714286	
  0.000000	  0.004762	  0.995238	  0.000000	
  0.080952	  0.061905	  0.780952	  0.076190	

MOTIF REST_4.GUERTIN REST_0.0523490027426

letter-probability matrix: alength= 4 w= 19 nsites= 20 E= 0
  0.332288	  0.081505	  0.404389	  0.181818	
  0.501567	  0.003135	  0.448276	  0.047022	
  0.620690	  0.090909	  0.263323	  0.025078	
  0.852665	  0.000000	  0.072100	  0.075235	
  0.382445	  0.000000	  0.326019	  0.291536	
  0.338558	  0.178683	  0.382445	  0.100313	
  0.319749	  0.125392	  0.316614	  0.238245	
  0.695925	  0.000000	  0.131661	  0.172414	
  0.448276	  0.210031	  0.294671	  0.047022	
  0.611285	  0.028213	  0.106583	  0.253918	
  0.326019	  0.147335	  0.501567	  0.025078	
  0.592476	  0.025078	  0.344828	  0.037618	
  0.589342	  0.025078	  0.385580	  0.000000	
  0.811912	  0.053292	  0.122257	  0.012539	
  0.495298	  0.003135	  0.181818	  0.319749	
  0.297806	  0.050157	  0.532915	  0.119122	
  0.366771	  0.213166	  0.404389	  0.015674	
  0.902821	  0.006270	  0.025078	  0.065831	
  0.479624	  0.028213	  0.313480	  0.178683	

MOTIF REST_3.GUERTIN REST_0.0457217998288

letter-probability matrix: alength= 4 w= 14 nsites= 20 E= 0
  0.000000	  0.000000	  0.977778	  0.022222	
  0.977778	  0.000000	  0.000000	  0.022222	
  0.888889	  0.111111	  0.000000	  0.000000	
  0.000000	  0.066667	  0.000000	  0.933333	
  0.000000	  0.200000	  0.755556	  0.044444	
  0.133333	  0.000000	  0.844444	  0.022222	
  0.911111	  0.044444	  0.044444	  0.000000	
  0.933333	  0.000000	  0.066667	  0.000000	
  0.088889	  0.000000	  0.000000	  0.911111	
  0.000000	  0.000000	  0.955556	  0.044444	
  0.000000	  0.022222	  0.955556	  0.022222	
  1.000000	  0.000000	  0.000000	  0.000000	
  0.977778	  0.000000	  0.022222	  0.000000	
  0.022222	  0.000000	  0.000000	  0.977778	
