MEME version 4.4

ALPHABET= ACGT

strands: + -

Background letter frequencies (from uniform background):
A 0.25000 C 0.25000 G 0.25000 T 0.25000 

MOTIF MA0510.1.JASPAR RFX5

letter-probability matrix: alength= 4 w= 14 nsites= 20 E= 0
  0.153826	  0.205791	  0.222854	  0.417528	
  0.001551	  0.483454	  0.331696	  0.183299	
  0.046794	  0.953206	  0.000000	  0.000000	
  0.307394	  0.561272	  0.015770	  0.115564	
  0.000000	  0.215098	  0.000000	  0.784902	
  0.476732	  0.000259	  0.523009	  0.000000	
  0.063340	  0.000000	  0.908480	  0.028180	
  0.000000	  0.727766	  0.105481	  0.166753	
  0.790331	  0.128490	  0.081179	  0.000000	
  0.954498	  0.045502	  0.000000	  0.000000	
  0.000000	  1.000000	  0.000000	  0.000000	
  0.538780	  0.202172	  0.000000	  0.259049	
  0.247156	  0.093330	  0.564633	  0.094881	
  0.225181	  0.358842	  0.320321	  0.095657	

MOTIF RFX.HOMER K562-RFX3-ChIP-Seq

letter-probability matrix: alength= 4 w= 15 nsites= 20 E= 0
  0.133000	  0.217000	  0.437000	  0.213000	
  0.034000	  0.004000	  0.951000	  0.011000	
  0.012000	  0.035000	  0.028000	  0.924000	
  0.052000	  0.172000	  0.018000	  0.758000	
  0.123000	  0.062000	  0.693000	  0.122000	
  0.003000	  0.905000	  0.005000	  0.087000	
  0.001000	  0.874000	  0.002000	  0.123000	
  0.790000	  0.076000	  0.050000	  0.084000	
  0.084000	  0.050000	  0.085000	  0.782000	
  0.107000	  0.002000	  0.891000	  0.001000	
  0.089000	  0.005000	  0.901000	  0.004000	
  0.119000	  0.693000	  0.061000	  0.127000	
  0.738000	  0.018000	  0.190000	  0.054000	
  0.916000	  0.025000	  0.044000	  0.015000	
  0.011000	  0.940000	  0.006000	  0.043000	

MOTIF Rfx5.HOMER GM12878-Rfx5-ChIP-Seq

letter-probability matrix: alength= 4 w= 11 nsites= 20 E= 0
  0.020000	  0.854000	  0.020000	  0.106000	
  0.299000	  0.486000	  0.010000	  0.204000	
  0.001000	  0.212000	  0.001000	  0.786000	
  0.611000	  0.010000	  0.378000	  0.001000	
  0.007000	  0.001000	  0.991000	  0.001000	
  0.079000	  0.672000	  0.001000	  0.248000	
  0.875000	  0.001000	  0.104000	  0.020000	
  0.981000	  0.017000	  0.001000	  0.001000	
  0.001000	  0.997000	  0.001000	  0.001000	
  0.453000	  0.213000	  0.082000	  0.253000	
  0.231000	  0.176000	  0.448000	  0.145000	

MOTIF RFX5_disc1.POUR RFX5_H1-hESC_encode-Snyder_seq_hsa_IgG-rab-N-494_r1:MDscan#1#Intergenic

letter-probability matrix: alength= 4 w= 9 nsites= 20 E= 0
  0.000000	  1.000000	  0.000000	  0.000000	
  0.286624	  0.605096	  0.000000	  0.108280	
  0.000000	  0.254777	  0.000000	  0.745223	
  0.617834	  0.000000	  0.382166	  0.000000	
  0.000000	  0.000000	  1.000000	  0.000000	
  0.000000	  0.853503	  0.000000	  0.146497	
  1.000000	  0.000000	  0.000000	  0.000000	
  1.000000	  0.000000	  0.000000	  0.000000	
  0.000000	  1.000000	  0.000000	  0.000000	

MOTIF RFX5_disc2.POUR RFX5_GM12878_encode-Snyder_seq_hsa_IgG-mus-N-494_r1:MEME#1#Intergenic

letter-probability matrix: alength= 4 w= 9 nsites= 20 E= 0
  0.005405	  0.248649	  0.081081	  0.664865	
  0.016216	  0.291892	  0.627027	  0.064865	
  0.972973	  0.005405	  0.010811	  0.010811	
  0.000000	  0.005405	  0.010811	  0.983784	
  0.000000	  0.000000	  0.000000	  1.000000	
  0.000000	  0.000000	  0.967568	  0.032432	
  0.000000	  0.000000	  1.000000	  0.000000	
  0.075676	  0.551351	  0.027027	  0.345946	
  0.037838	  0.259459	  0.075676	  0.627027	

MOTIF RFX5_disc3.POUR RFX5_GM12878_encode-Snyder_seq_hsa_IgG-mus-N-494_r1:Trawler#2#Intergenic

letter-probability matrix: alength= 4 w= 8 nsites= 20 E= 0
  1.000000	  0.000000	  0.000000	  0.000000	
  0.000000	  1.000000	  0.000000	  0.000000	
  0.000000	  0.400000	  0.000000	  0.600000	
  0.200000	  0.000000	  0.800000	  0.000000	
  0.850000	  0.150000	  0.000000	  0.000000	
  0.000000	  0.000000	  0.000000	  1.000000	
  0.000000	  0.000000	  1.000000	  0.000000	
  1.000000	  0.000000	  0.000000	  0.000000	

MOTIF RFX5_DBD_1.JOLMA RFX5

letter-probability matrix: alength= 4 w= 15 nsites= 20 E= 0
  0.030843	  0.000000	  0.966073	  0.003084	
  0.001354	  0.011171	  0.005078	  0.982397	
  0.015682	  0.032699	  0.003337	  0.948282	
  0.301949	  0.029790	  0.616035	  0.052225	
  0.001206	  0.955788	  0.015273	  0.027733	
  0.000351	  0.742897	  0.002455	  0.254297	
  0.885679	  0.017334	  0.019397	  0.077590	
  0.046542	  0.018100	  0.007111	  0.928248	
  0.249589	  0.003612	  0.744171	  0.002627	
  0.050088	  0.016813	  0.933100	  0.000000	
  0.051577	  0.598516	  0.022635	  0.327273	
  0.933218	  0.004308	  0.042654	  0.019819	
  0.979574	  0.009325	  0.007105	  0.003996	
  0.010467	  0.957729	  0.004831	  0.026973	
  0.181675	  0.349980	  0.355879	  0.112466	

MOTIF RFX5_DBD_2.JOLMA RFX5

letter-probability matrix: alength= 4 w= 15 nsites= 20 E= 0
  0.036103	  0.000870	  0.953893	  0.009134	
  0.008396	  0.010163	  0.009722	  0.971719	
  0.028954	  0.038029	  0.007347	  0.925670	
  0.456250	  0.036161	  0.454464	  0.053125	
  0.003280	  0.947516	  0.018744	  0.030459	
  0.000901	  0.895045	  0.004955	  0.099099	
  0.906533	  0.015737	  0.025751	  0.051979	
  0.038528	  0.015584	  0.007792	  0.938095	
  0.412235	  0.001412	  0.586353	  0.000000	
  0.053635	  0.017730	  0.928635	  0.000000	
  0.048608	  0.781055	  0.023681	  0.146656	
  0.958641	  0.000985	  0.030527	  0.009847	
  0.981019	  0.011988	  0.004995	  0.001998	
  0.007106	  0.970630	  0.004263	  0.018001	
  0.181093	  0.343438	  0.364180	  0.111288	

MOTIF RFX5_DBD_3.JOLMA RFX5

letter-probability matrix: alength= 4 w= 15 nsites= 20 E= 0
  0.036103	  0.000870	  0.953893	  0.009134	
  0.008396	  0.010163	  0.009722	  0.971719	
  0.028954	  0.038029	  0.007347	  0.925670	
  0.456250	  0.036161	  0.454464	  0.053125	
  0.003280	  0.947516	  0.018744	  0.030459	
  0.000901	  0.895045	  0.004955	  0.099099	
  0.906533	  0.015737	  0.025751	  0.051979	
  0.038528	  0.015584	  0.007792	  0.938095	
  0.412235	  0.001412	  0.586353	  0.000000	
  0.053635	  0.017730	  0.928635	  0.000000	
  0.048608	  0.781055	  0.023681	  0.146656	
  0.958641	  0.000985	  0.030527	  0.009847	
  0.981019	  0.011988	  0.004995	  0.001998	
  0.007106	  0.970630	  0.004263	  0.018001	
  0.181093	  0.343438	  0.364180	  0.111288	

MOTIF RFX5_1.GUERTIN RFX5

letter-probability matrix: alength= 4 w= 19 nsites= 20 E= 0
  0.011194	  0.410448	  0.567164	  0.011194	
  0.100746	  0.563433	  0.238806	  0.097015	
  0.253731	  0.119403	  0.518657	  0.108209	
  0.100746	  0.205224	  0.667910	  0.026119	
  0.223881	  0.376866	  0.399254	  0.000000	
  0.037313	  0.488806	  0.470149	  0.003731	
  0.212687	  0.167910	  0.335821	  0.283582	
  0.000000	  0.414179	  0.585821	  0.000000	
  0.406716	  0.085821	  0.425373	  0.082090	
  0.212687	  0.171642	  0.574627	  0.041045	
  0.238806	  0.309701	  0.429104	  0.022388	
  0.138060	  0.231343	  0.500000	  0.130597	
  0.026119	  0.287313	  0.544776	  0.141791	
  0.085821	  0.373134	  0.541045	  0.000000	
  0.197761	  0.313433	  0.410448	  0.078358	
  0.055970	  0.369403	  0.503731	  0.070896	
  0.197761	  0.276119	  0.425373	  0.100746	
  0.082090	  0.138060	  0.664179	  0.115672	
  0.055970	  0.320896	  0.623134	  0.000000	

MOTIF RFX5_2.GUERTIN RFX5

letter-probability matrix: alength= 4 w= 11 nsites= 20 E= 0
  0.000000	  0.000000	  0.000000	  1.000000	
  0.000000	  0.000000	  0.000000	  1.000000	
  1.000000	  0.000000	  0.000000	  0.000000	
  0.000000	  0.022581	  0.000000	  0.977419	
  0.535484	  0.000000	  0.464516	  0.000000	
  0.000000	  0.080645	  0.000000	  0.919355	
  1.000000	  0.000000	  0.000000	  0.000000	
  1.000000	  0.000000	  0.000000	  0.000000	
  0.083871	  0.290323	  0.125806	  0.500000	
  0.409677	  0.177419	  0.051613	  0.361290	
  0.377419	  0.087097	  0.112903	  0.422581	

MOTIF RFX5_3.GUERTIN RFX5

letter-probability matrix: alength= 4 w= 19 nsites= 20 E= 0
  0.233010	  0.009709	  0.097087	  0.660194	
  0.038835	  0.116505	  0.029126	  0.815534	
  0.388350	  0.019417	  0.038835	  0.553398	
  0.000000	  0.000000	  0.388350	  0.611650	
  0.233010	  0.009709	  0.242718	  0.514563	
  0.000000	  0.009709	  0.000000	  0.990291	
  0.194175	  0.058252	  0.067961	  0.679612	
  0.009709	  0.058252	  0.000000	  0.932039	
  0.330097	  0.165049	  0.009709	  0.495146	
  0.368932	  0.116505	  0.048544	  0.466019	
  0.300971	  0.126214	  0.048544	  0.524272	
  0.077670	  0.000000	  0.009709	  0.912621	
  0.009709	  0.009709	  0.000000	  0.980583	
  0.145631	  0.106796	  0.087379	  0.660194	
  0.184466	  0.029126	  0.029126	  0.757282	
  0.252427	  0.116505	  0.000000	  0.631068	
  0.446602	  0.320388	  0.165049	  0.067961	
  0.281553	  0.038835	  0.000000	  0.679612	
  0.281553	  0.087379	  0.135922	  0.495146	

MOTIF RFX5_4.GUERTIN RFX5

letter-probability matrix: alength= 4 w= 19 nsites= 20 E= 0
  0.041667	  0.333333	  0.125000	  0.500000	
  0.187500	  0.125000	  0.687500	  0.000000	
  0.520833	  0.020833	  0.458333	  0.000000	
  0.062500	  0.687500	  0.187500	  0.062500	
  0.062500	  0.000000	  0.604167	  0.333333	
  0.083333	  0.041667	  0.458333	  0.416667	
  0.000000	  0.770833	  0.229167	  0.000000	
  0.666667	  0.000000	  0.229167	  0.104167	
  0.020833	  0.583333	  0.395833	  0.000000	
  0.125000	  0.458333	  0.354167	  0.062500	
  0.208333	  0.229167	  0.500000	  0.062500	
  0.000000	  0.479167	  0.416667	  0.104167	
  0.000000	  0.479167	  0.479167	  0.041667	
  0.020833	  0.458333	  0.479167	  0.041667	
  0.000000	  0.270833	  0.666667	  0.062500	
  0.041667	  0.562500	  0.229167	  0.166667	
  0.250000	  0.125000	  0.416667	  0.208333	
  0.000000	  0.291667	  0.666667	  0.041667	
  0.041667	  0.645833	  0.312500	  0.000000	

MOTIF RFX5.1_1.ZLAB RFX5

letter-probability matrix: alength= 4 w= 14 nsites= 20 E= 0
  0.123711	  0.614433	  0.142268	  0.119588	
  0.542268	  0.189691	  0.156701	  0.111340	
  0.101031	  0.311340	  0.290722	  0.296907	
  0.059794	  0.571134	  0.109278	  0.259794	
  0.274227	  0.039175	  0.193814	  0.492784	
  0.024742	  0.000000	  0.967010	  0.008247	
  0.000000	  0.026804	  0.018557	  0.954639	
  0.068041	  0.144330	  0.006186	  0.781443	
  0.181443	  0.024742	  0.674227	  0.119588	
  0.012371	  0.931959	  0.004124	  0.051546	
  0.000000	  0.430928	  0.008247	  0.560825	
  0.696907	  0.012371	  0.268041	  0.022680	
  0.146392	  0.030928	  0.620619	  0.202062	
  0.039175	  0.065979	  0.855670	  0.039175	

MOTIF RFX5.1_2.ZLAB RFX5

letter-probability matrix: alength= 4 w= 13 nsites= 20 E= 0
  0.099548	  0.185520	  0.199095	  0.515837	
  0.067873	  0.624434	  0.167421	  0.140271	
  0.000000	  0.253394	  0.135747	  0.610860	
  0.004525	  0.294118	  0.597285	  0.104072	
  0.995475	  0.000000	  0.004525	  0.000000	
  0.000000	  0.040724	  0.004525	  0.954751	
  0.031674	  0.000000	  0.000000	  0.968326	
  0.000000	  0.000000	  1.000000	  0.000000	
  0.000000	  0.000000	  1.000000	  0.000000	
  0.099548	  0.597285	  0.036199	  0.266968	
  0.000000	  0.285068	  0.117647	  0.597285	
  0.221719	  0.217195	  0.438914	  0.122172	
  0.321267	  0.185520	  0.307692	  0.185520	

MOTIF RFX5.1_3.ZLAB RFX5

letter-probability matrix: alength= 4 w= 29 nsites= 20 E= 0
  0.000000	  1.000000	  0.000000	  0.000000	
  1.000000	  0.000000	  0.000000	  0.000000	
  0.142857	  0.285714	  0.428571	  0.142857	
  0.000000	  0.000000	  0.000000	  1.000000	
  0.000000	  0.000000	  0.000000	  1.000000	
  0.000000	  1.000000	  0.000000	  0.000000	
  0.000000	  0.285714	  0.000000	  0.714286	
  0.000000	  1.000000	  0.000000	  0.000000	
  1.000000	  0.000000	  0.000000	  0.000000	
  0.000000	  0.857143	  0.000000	  0.142857	
  0.000000	  0.000000	  0.000000	  1.000000	
  0.000000	  0.857143	  0.000000	  0.142857	
  0.000000	  1.000000	  0.000000	  0.000000	
  0.000000	  1.000000	  0.000000	  0.000000	
  1.000000	  0.000000	  0.000000	  0.000000	
  0.142857	  0.000000	  0.000000	  0.857143	
  0.000000	  0.000000	  0.000000	  1.000000	
  0.000000	  0.000000	  1.000000	  0.000000	
  0.000000	  0.000000	  1.000000	  0.000000	
  0.000000	  0.000000	  1.000000	  0.000000	
  0.000000	  0.142857	  0.000000	  0.857143	
  0.142857	  0.000000	  0.857143	  0.000000	
  0.000000	  0.142857	  0.000000	  0.857143	
  0.000000	  0.714286	  0.000000	  0.285714	
  0.000000	  0.000000	  1.000000	  0.000000	
  0.000000	  0.142857	  0.857143	  0.000000	
  0.142857	  0.000000	  0.857143	  0.000000	
  0.000000	  0.000000	  0.000000	  1.000000	
  0.142857	  0.000000	  0.000000	  0.857143	

MOTIF RFX5.1_4.ZLAB RFX5

letter-probability matrix: alength= 4 w= 29 nsites= 20 E= 0
  0.142857	  0.857143	  0.000000	  0.000000	
  1.000000	  0.000000	  0.000000	  0.000000	
  0.142857	  0.714286	  0.142857	  0.000000	
  1.000000	  0.000000	  0.000000	  0.000000	
  0.857143	  0.142857	  0.000000	  0.000000	
  0.571429	  0.428571	  0.000000	  0.000000	
  0.857143	  0.142857	  0.000000	  0.000000	
  1.000000	  0.000000	  0.000000	  0.000000	
  0.714286	  0.000000	  0.142857	  0.142857	
  0.000000	  0.142857	  0.000000	  0.857143	
  0.714286	  0.000000	  0.000000	  0.285714	
  0.000000	  0.714286	  0.000000	  0.285714	
  0.000000	  0.000000	  0.000000	  1.000000	
  0.000000	  0.000000	  0.000000	  1.000000	
  0.000000	  0.857143	  0.000000	  0.142857	
  0.000000	  0.000000	  0.000000	  1.000000	
  0.000000	  0.000000	  1.000000	  0.000000	
  0.000000	  0.714286	  0.000000	  0.285714	
  0.714286	  0.000000	  0.285714	  0.000000	
  0.857143	  0.000000	  0.000000	  0.142857	
  0.142857	  0.000000	  0.857143	  0.000000	
  0.000000	  0.000000	  1.000000	  0.000000	
  1.000000	  0.000000	  0.000000	  0.000000	
  0.000000	  1.000000	  0.000000	  0.000000	
  1.000000	  0.000000	  0.000000	  0.000000	
  0.000000	  0.142857	  0.000000	  0.857143	
  0.000000	  1.000000	  0.000000	  0.000000	
  0.000000	  0.000000	  0.000000	  1.000000	
  0.000000	  0.000000	  1.000000	  0.000000	

MOTIF RFX5.1_5.ZLAB RFX5

letter-probability matrix: alength= 4 w= 27 nsites= 20 E= 0
  0.000000	  0.625000	  0.375000	  0.000000	
  0.000000	  0.000000	  0.000000	  1.000000	
  0.000000	  0.000000	  1.000000	  0.000000	
  0.250000	  0.000000	  0.750000	  0.000000	
  0.000000	  0.375000	  0.000000	  0.625000	
  0.125000	  0.000000	  0.875000	  0.000000	
  0.000000	  0.125000	  0.000000	  0.875000	
  0.000000	  0.875000	  0.125000	  0.000000	
  0.625000	  0.000000	  0.000000	  0.375000	
  0.000000	  0.875000	  0.125000	  0.000000	
  0.250000	  0.750000	  0.000000	  0.000000	
  0.000000	  0.375000	  0.000000	  0.625000	
  0.000000	  0.000000	  0.000000	  1.000000	
  0.000000	  0.000000	  0.500000	  0.500000	
  0.000000	  0.000000	  0.625000	  0.375000	
  0.000000	  0.000000	  0.375000	  0.625000	
  0.000000	  0.000000	  0.375000	  0.625000	
  0.500000	  0.000000	  0.125000	  0.375000	
  0.000000	  0.000000	  0.000000	  1.000000	
  0.125000	  0.000000	  0.000000	  0.875000	
  0.000000	  0.000000	  0.750000	  0.250000	
  0.750000	  0.000000	  0.250000	  0.000000	
  0.250000	  0.250000	  0.000000	  0.500000	
  0.125000	  0.375000	  0.000000	  0.500000	
  0.125000	  0.000000	  0.000000	  0.875000	
  0.000000	  0.000000	  0.000000	  1.000000	
  0.125000	  0.000000	  0.375000	  0.500000	

MOTIF Rfx5.TF2DNA Rfx5

letter-probability matrix: alength= 4 w= 7 nsites= 20 E= 0
  0.000000	  0.175000	  0.383000	  0.442000	
  0.000000	  0.000000	  0.000000	  1.000000	
  0.000000	  0.007000	  0.987000	  0.007000	
  0.000000	  0.053000	  0.906000	  0.041000	
  0.523000	  0.125000	  0.352000	  0.000000	
  0.042000	  0.958000	  0.000000	  0.000000	
  0.215000	  0.000000	  0.438000	  0.347000	

MOTIF RFX5.SWISSREGULON RFX1..5_RFXANK_RFXAP.p2

letter-probability matrix: alength= 4 w= 17 nsites= 20 E= 0
  0.215995	  0.265528	  0.373832	  0.144645	
  0.126679	  0.003641	  0.869680	  0.000000	
  0.022309	  0.069961	  0.078092	  0.829638	
  0.151870	  0.522041	  0.015068	  0.311021	
  0.297377	  0.029814	  0.602581	  0.070228	
  0.000000	  0.929151	  0.000000	  0.070849	
  0.011103	  0.829137	  0.021942	  0.137818	
  0.766906	  0.100054	  0.055644	  0.077396	
  0.058759	  0.114632	  0.014806	  0.811803	
  0.185468	  0.000000	  0.814532	  0.000000	
  0.007285	  0.000000	  0.992715	  0.000000	
  0.144108	  0.696446	  0.043948	  0.115498	
  0.962846	  0.007285	  0.026117	  0.003752	
  0.985241	  0.000000	  0.014759	  0.000000	
  0.000000	  0.996243	  0.000000	  0.003757	
  0.295549	  0.340341	  0.297108	  0.067003	
  0.330283	  0.114790	  0.495619	  0.059308	

MOTIF M4476_1.02.CIS-BP RFX5

letter-probability matrix: alength= 4 w= 14 nsites= 20 E= 0
  0.092199	  0.685579	  0.122931	  0.099291	
  0.605201	  0.118203	  0.186761	  0.089835	
  0.066194	  0.326241	  0.286052	  0.321513	
  0.047281	  0.550828	  0.113475	  0.288416	
  0.267139	  0.054374	  0.193853	  0.484634	
  0.014184	  0.000000	  0.981088	  0.004728	
  0.000000	  0.030733	  0.004728	  0.964539	
  0.075650	  0.158392	  0.018913	  0.747045	
  0.212766	  0.007092	  0.621750	  0.158392	
  0.009456	  0.926715	  0.011820	  0.052009	
  0.000000	  0.411348	  0.004728	  0.583924	
  0.635933	  0.018913	  0.321513	  0.023641	
  0.172577	  0.014184	  0.657211	  0.156028	
  0.049645	  0.080378	  0.822696	  0.047281	

