MEME version 4.4

ALPHABET= ACGT

strands: + -

    Background letter frequencies (from uniform background):
    A 0.25000 C 0.25000 G 0.25000 T 0.25000

MOTIF SPI1_si.HOCOMOCO SPI1_0.404172154561

letter-probability matrix: alength= 4 w= 16 nsites= 20 E= 0
  0.490865	  0.101705	  0.349574	  0.057856	
  0.679354	  0.038368	  0.154385	  0.127893	
  0.762485	  0.018879	  0.119367	  0.099269	
  0.651949	  0.004568	  0.146468	  0.197016	
  0.108100	  0.095615	  0.786541	  0.009744	
  0.695798	  0.092570	  0.210414	  0.001218	
  0.123630	  0.000000	  0.875457	  0.000914	
  0.004872	  0.001523	  0.993301	  0.000305	
  0.996041	  0.000000	  0.003045	  0.000914	
  0.981121	  0.000000	  0.012180	  0.006699	
  0.078258	  0.187576	  0.731730	  0.002436	
  0.060901	  0.049026	  0.055725	  0.834348	
  0.106273	  0.044762	  0.802680	  0.046285	
  0.554811	  0.090438	  0.298112	  0.056638	
  0.445493	  0.131851	  0.327649	  0.095006	
  0.559683	  0.125457	  0.183618	  0.131242	

MOTIF PU1.1_1.ZLAB PU1_0.398080809049

letter-probability matrix: alength= 4 w= 14 nsites= 20 E= 0
  0.706000	  0.038000	  0.128000	  0.128000	
  0.638000	  0.012000	  0.086000	  0.264000	
  0.128000	  0.036000	  0.824000	  0.012000	
  0.642000	  0.070000	  0.284000	  0.004000	
  0.076000	  0.000000	  0.924000	  0.000000	
  0.000000	  0.000000	  0.998000	  0.002000	
  1.000000	  0.000000	  0.000000	  0.000000	
  0.986000	  0.000000	  0.000000	  0.014000	
  0.018000	  0.342000	  0.640000	  0.000000	
  0.012000	  0.000000	  0.004000	  0.984000	
  0.002000	  0.016000	  0.982000	  0.000000	
  0.750000	  0.068000	  0.158000	  0.024000	
  0.566000	  0.062000	  0.292000	  0.080000	
  0.772000	  0.098000	  0.052000	  0.078000	

MOTIF PU1_SPI1_1.GUERTIN PU1_0.395043138495

letter-probability matrix: alength= 4 w= 15 nsites= 20 E= 0
  0.361334	  0.184064	  0.305127	  0.149475	
  0.446572	  0.122298	  0.332304	  0.098826	
  0.604077	  0.058678	  0.231007	  0.106238	
  0.648548	  0.044472	  0.234713	  0.072267	
  0.596047	  0.030266	  0.190241	  0.183447	
  0.194565	  0.110562	  0.668314	  0.026560	
  0.659049	  0.077208	  0.253243	  0.010500	
  0.043854	  0.000000	  0.956146	  0.000000	
  0.000000	  0.000000	  1.000000	  0.000000	
  0.999382	  0.000618	  0.000000	  0.000000	
  0.993206	  0.000000	  0.000000	  0.006794	
  0.042619	  0.139592	  0.817789	  0.000000	
  0.095738	  0.098209	  0.058678	  0.747375	
  0.067943	  0.232242	  0.651019	  0.048796	
  0.312539	  0.235948	  0.352687	  0.098826	

MOTIF UP00085_1.UNIPROBE Sfpi1_primary_0.384813856128

letter-probability matrix: alength= 4 w= 13 nsites= 20 E= 0
  0.298032	  0.104818	  0.290385	  0.306764	
  0.593467	  0.048056	  0.154602	  0.203875	
  0.459746	  0.052697	  0.169949	  0.317608	
  0.188623	  0.155357	  0.591543	  0.064477	
  0.402746	  0.286227	  0.290285	  0.020742	
  0.048569	  0.001240	  0.946397	  0.003793	
  0.004354	  0.001387	  0.990819	  0.003441	
  0.974272	  0.001416	  0.001466	  0.022847	
  0.938748	  0.003090	  0.000833	  0.057329	
  0.045831	  0.270321	  0.674644	  0.009204	
  0.055664	  0.092552	  0.026061	  0.825722	
  0.301235	  0.122653	  0.267039	  0.309073	
  0.278680	  0.276099	  0.219159	  0.226061	

MOTIF M6119_1.02.CIS-BP SPI1_0.37853933072

letter-probability matrix: alength= 4 w= 14 nsites= 20 E= 0
  0.662890	  0.045326	  0.257790	  0.033994	
  0.875354	  0.000000	  0.076487	  0.048159	
  0.864023	  0.000000	  0.079320	  0.056657	
  0.733712	  0.000000	  0.031161	  0.235127	
  0.124646	  0.031161	  0.838527	  0.005666	
  0.640227	  0.062323	  0.297450	  0.000000	
  0.073654	  0.000000	  0.926346	  0.000000	
  0.000000	  0.000000	  1.000000	  0.000000	
  0.994334	  0.005666	  0.000000	  0.000000	
  1.000000	  0.000000	  0.000000	  0.000000	
  0.014164	  0.172805	  0.810198	  0.002833	
  0.050992	  0.019830	  0.025496	  0.903682	
  0.005666	  0.090652	  0.878186	  0.025496	
  0.288952	  0.223796	  0.402266	  0.084986	

MOTIF SPI1.SWISSREGULON SPI1.p2_0.366370012774

letter-probability matrix: alength= 4 w= 10 nsites= 20 E= 0
  0.270503	  0.014978	  0.714519	  0.000000	
  0.544612	  0.070991	  0.376924	  0.007473	
  0.047327	  0.000000	  0.952673	  0.000000	
  0.014696	  0.000000	  0.985304	  0.000000	
  0.963921	  0.009738	  0.026341	  0.000000	
  0.937244	  0.000000	  0.061810	  0.000946	
  0.071991	  0.106490	  0.820258	  0.001260	
  0.023856	  0.139363	  0.023856	  0.812925	
  0.053544	  0.028723	  0.878551	  0.039182	
  0.262416	  0.185596	  0.470818	  0.081170	

MOTIF h-SPI1.WEIHUMAN SPI1_0.350389114536

letter-probability matrix: alength= 4 w= 9 nsites= 20 E= 0
  0.161616	  0.121212	  0.686869	  0.030303	
  0.435644	  0.178218	  0.316832	  0.069307	
  0.000000	  0.000000	  1.000000	  0.000000	
  0.000000	  0.000000	  1.000000	  0.000000	
  0.860000	  0.010000	  0.040000	  0.090000	
  0.871287	  0.039604	  0.000000	  0.089109	
  0.120000	  0.280000	  0.570000	  0.030000	
  0.060000	  0.250000	  0.100000	  0.590000	
  0.280000	  0.160000	  0.340000	  0.220000	

MOTIF PU1.1_3.ZLAB PU1_0.349089569152

letter-probability matrix: alength= 4 w= 14 nsites= 20 E= 0
  0.583333	  0.116667	  0.300000	  0.000000	
  0.750000	  0.000000	  0.166667	  0.083333	
  0.233333	  0.016667	  0.750000	  0.000000	
  0.400000	  0.150000	  0.400000	  0.050000	
  0.366667	  0.000000	  0.616667	  0.016667	
  0.133333	  0.000000	  0.866667	  0.000000	
  0.950000	  0.000000	  0.050000	  0.000000	
  0.866667	  0.016667	  0.083333	  0.033333	
  0.200000	  0.200000	  0.600000	  0.000000	
  0.116667	  0.033333	  0.000000	  0.850000	
  0.000000	  0.033333	  0.966667	  0.000000	
  0.416667	  0.000000	  0.350000	  0.233333	
  0.250000	  0.350000	  0.350000	  0.050000	
  0.733333	  0.200000	  0.016667	  0.050000	

MOTIF m-SFPI1.WEIMOUSE SFPI1_0.341499086525

letter-probability matrix: alength= 4 w= 9 nsites= 20 E= 0
  0.099010	  0.108911	  0.693069	  0.099010	
  0.267327	  0.405941	  0.306931	  0.019802	
  0.040000	  0.000000	  0.960000	  0.000000	
  0.000000	  0.000000	  1.000000	  0.000000	
  0.979798	  0.000000	  0.000000	  0.020202	
  0.960000	  0.000000	  0.000000	  0.040000	
  0.030303	  0.232323	  0.727273	  0.010101	
  0.030000	  0.090000	  0.020000	  0.860000	
  0.300000	  0.080000	  0.260000	  0.360000	

MOTIF PU.1.HOMER ThioMac-PU.1-ChIP-Seq_0.340535462433

letter-probability matrix: alength= 4 w= 9 nsites= 20 E= 0
  0.122000	  0.171000	  0.706000	  0.002000	
  0.830000	  0.012000	  0.157000	  0.001000	
  0.001000	  0.001000	  0.997000	  0.001000	
  0.001000	  0.001000	  0.997000	  0.001000	
  0.997000	  0.001000	  0.001000	  0.001000	
  0.990000	  0.001000	  0.001000	  0.008000	
  0.024000	  0.074000	  0.900000	  0.001000	
  0.001000	  0.005000	  0.001000	  0.993000	
  0.079000	  0.097000	  0.773000	  0.051000	

MOTIF UP00405.1.ZHAO2011 embo10_Sfpi1_deBruijn_0.322604417817

letter-probability matrix: alength= 4 w= 9 nsites= 20 E= 0
  0.053019	  0.478493	  0.327223	  0.141266	
  0.074171	  0.000776	  0.021464	  0.903589	
  0.043951	  0.006129	  0.003136	  0.946784	
  0.010897	  0.961502	  0.010681	  0.016920	
  0.020971	  0.856755	  0.011979	  0.110294	
  0.064843	  0.317974	  0.311677	  0.305506	
  0.127582	  0.419373	  0.196127	  0.256919	
  0.310223	  0.218610	  0.124872	  0.346295	
  0.256651	  0.180859	  0.117650	  0.444841	

MOTIF SPI1_disc1.POUR SPI1_K562_encode-Myers_seq_hsa_r1:MDscan#2#Intergenic_0.302027119452

letter-probability matrix: alength= 4 w= 9 nsites= 20 E= 0
  0.000000	  0.862857	  0.137143	  0.000000	
  0.000000	  0.000000	  0.000000	  1.000000	
  0.000000	  0.000000	  0.000000	  1.000000	
  0.022857	  0.977143	  0.000000	  0.000000	
  0.000000	  1.000000	  0.000000	  0.000000	
  0.000000	  0.251429	  0.034286	  0.714285	
  0.000000	  0.868571	  0.131429	  0.000000	
  0.205714	  0.000000	  0.000000	  0.794286	
  0.000000	  0.000000	  0.000000	  1.000000	

MOTIF SPI1_disc2.POUR SPI1_GM12878_encode-Myers_seq_hsa_r1:MDscan#1#Intergenic_0.278944943104

letter-probability matrix: alength= 4 w= 9 nsites= 20 E= 0
  0.031008	  0.294574	  0.000000	  0.674418	
  0.000000	  0.000000	  0.000000	  1.000000	
  0.000000	  1.000000	  0.000000	  0.000000	
  1.000000	  0.000000	  0.000000	  0.000000	
  0.000000	  0.635659	  0.364341	  0.000000	
  0.000000	  0.000000	  0.000000	  1.000000	
  0.000000	  0.000000	  0.000000	  1.000000	
  0.000000	  1.000000	  0.000000	  0.000000	
  0.000000	  1.000000	  0.000000	  0.000000	

MOTIF SPI1_full.JOLMA SPI1_0.271461633251

letter-probability matrix: alength= 4 w= 13 nsites= 20 E= 0
  0.911188	  0.004761	  0.069035	  0.015016	
  0.992146	  0.000393	  0.001571	  0.005890	
  0.980751	  0.000000	  0.000000	  0.019249	
  0.899649	  0.000739	  0.002772	  0.096840	
  0.008826	  0.044308	  0.946506	  0.000360	
  0.272120	  0.617393	  0.110335	  0.000152	
  0.005439	  0.000188	  0.993998	  0.000375	
  0.000000	  0.000188	  0.999812	  0.000000	
  0.999413	  0.000392	  0.000000	  0.000196	
  0.998635	  0.000195	  0.000195	  0.000975	
  0.000000	  0.033880	  0.965936	  0.000184	
  0.004147	  0.013626	  0.002370	  0.979858	
  0.507508	  0.057658	  0.146747	  0.288088	

MOTIF PU.1-IRF.HOMER Bcell-PU.1-ChIP-Seq_0.254741261693

letter-probability matrix: alength= 4 w= 11 nsites= 20 E= 0
  0.287000	  0.002000	  0.677000	  0.034000	
  0.057000	  0.006000	  0.936000	  0.001000	
  0.988000	  0.005000	  0.004000	  0.004000	
  0.968000	  0.001000	  0.002000	  0.029000	
  0.203000	  0.140000	  0.646000	  0.011000	
  0.149000	  0.036000	  0.063000	  0.751000	
  0.018000	  0.013000	  0.965000	  0.004000	
  0.853000	  0.052000	  0.078000	  0.017000	
  0.753000	  0.118000	  0.117000	  0.012000	
  0.774000	  0.035000	  0.153000	  0.038000	
  0.111000	  0.532000	  0.288000	  0.069000	

MOTIF AP1.1_3.ZLAB AP1_0.239416743464

letter-probability matrix: alength= 4 w= 7 nsites= 20 E= 0
  0.194245	  0.424460	  0.381295	  0.000000	
  1.000000	  0.000000	  0.000000	  0.000000	
  0.000000	  0.000000	  1.000000	  0.000000	
  0.000000	  0.000000	  1.000000	  0.000000	
  1.000000	  0.000000	  0.000000	  0.000000	
  1.000000	  0.000000	  0.000000	  0.000000	
  0.453237	  0.000000	  0.546763	  0.000000	

MOTIF AP1_disc8.POUR JUN_HUVEC_encode-Snyder_seq_hsa_r1:Trawler#2#Intergenic_0.227121741508

letter-probability matrix: alength= 4 w= 9 nsites= 20 E= 0
  1.000000	  0.000000	  0.000000	  0.000000	
  0.000000	  0.000000	  1.000000	  0.000000	
  0.000000	  0.181818	  0.818182	  0.000000	
  1.000000	  0.000000	  0.000000	  0.000000	
  1.000000	  0.000000	  0.000000	  0.000000	
  0.681818	  0.000000	  0.318182	  0.000000	
  0.000000	  0.000000	  0.000000	  1.000000	
  0.000000	  0.000000	  0.590909	  0.409091	
  1.000000	  0.000000	  0.000000	  0.000000	

MOTIF UP00085.1.ZHAO2011 sci09.v1_Sfpi1_1034_0.188152855658

letter-probability matrix: alength= 4 w= 18 nsites= 20 E= 0
  0.347468	  0.130409	  0.226031	  0.296093	
  0.266800	  0.216264	  0.374840	  0.142096	
  0.316656	  0.292310	  0.301213	  0.089821	
  0.149307	  0.015580	  0.809167	  0.025946	
  0.048141	  0.019378	  0.910632	  0.021849	
  0.909461	  0.004067	  0.025352	  0.061121	
  0.839180	  0.030644	  0.011970	  0.118206	
  0.163343	  0.294670	  0.471470	  0.070517	
  0.151744	  0.235614	  0.103772	  0.508871	
  0.003196	  0.313525	  0.681239	  0.002040	
  0.988881	  0.005292	  0.005828	  0.000000	
  0.991222	  0.004813	  0.003965	  0.000000	
  0.976868	  0.000000	  0.023132	  0.000000	
  0.998248	  0.000000	  0.001752	  0.000000	
  0.996516	  0.000000	  0.000000	  0.003484	
  0.322760	  0.217700	  0.439750	  0.019790	
  0.120278	  0.379599	  0.105060	  0.395062	
  0.336116	  0.349189	  0.120114	  0.194581	

MOTIF SPI1_disc3.POUR SPI1_GM12878_encode-Myers_seq_hsa_r1:AlignACE#2#Intergenic_0.159088522507

letter-probability matrix: alength= 4 w= 13 nsites= 20 E= 0
  0.000000	  0.000000	  1.000000	  0.000000	
  0.367500	  0.222500	  0.410000	  0.000000	
  0.392500	  0.187500	  0.270000	  0.150000	
  0.327500	  0.275000	  0.397500	  0.000000	
  0.235000	  0.222500	  0.312500	  0.230000	
  0.365000	  0.000000	  0.460000	  0.175000	
  0.000000	  0.000000	  1.000000	  0.000000	
  0.000000	  0.245000	  0.755000	  0.000000	
  0.355000	  0.400000	  0.245000	  0.000000	
  0.430000	  0.145000	  0.192500	  0.232500	
  0.000000	  0.430000	  0.570000	  0.000000	
  0.297500	  0.152500	  0.200000	  0.350000	
  0.000000	  0.315000	  0.685000	  0.000000	

MOTIF UP00085.2.ZHAO2011 sci09.v2_Sfpi1_1034_0.153608629235

letter-probability matrix: alength= 4 w= 24 nsites= 20 E= 0
  0.331716	  0.159857	  0.205261	  0.303166	
  0.254702	  0.221427	  0.372446	  0.151425	
  0.324948	  0.274147	  0.296980	  0.103925	
  0.180355	  0.030720	  0.695707	  0.093217	
  0.093744	  0.031518	  0.780994	  0.093744	
  0.906654	  0.000878	  0.001568	  0.090900	
  0.862377	  0.014292	  0.001858	  0.121473	
  0.169343	  0.296464	  0.433515	  0.100678	
  0.195058	  0.231203	  0.121912	  0.451826	
  0.369656	  0.044875	  0.585469	  0.000000	
  0.000000	  0.310462	  0.689538	  0.000000	
  0.367811	  0.550765	  0.025168	  0.056256	
  0.279694	  0.694883	  0.020023	  0.005401	
  0.005294	  0.979315	  0.015391	  0.000000	
  0.000000	  0.995331	  0.004669	  0.000000	
  0.005098	  0.709545	  0.010176	  0.275181	
  0.663628	  0.053351	  0.083167	  0.199854	
  0.215516	  0.005201	  0.668017	  0.111266	
  0.005473	  0.000000	  0.984073	  0.010454	
  0.009535	  0.040630	  0.912141	  0.037694	
  0.004637	  0.034879	  0.587833	  0.372651	
  0.009844	  0.025592	  0.496794	  0.467770	
  0.000000	  0.288104	  0.520433	  0.191462	
  0.312576	  0.677485	  0.004760	  0.005179	

MOTIF AP1.1_1.ZLAB AP1_0.149864562259

letter-probability matrix: alength= 4 w= 13 nsites= 20 E= 0
  0.240000	  0.273684	  0.416842	  0.069474	
  0.387368	  0.174737	  0.294737	  0.143158	
  0.193684	  0.229474	  0.418947	  0.157895	
  0.298947	  0.071579	  0.450526	  0.178947	
  0.328421	  0.263158	  0.374737	  0.033684	
  0.000000	  0.000000	  0.000000	  1.000000	
  0.000000	  0.000000	  0.991579	  0.008421	
  1.000000	  0.000000	  0.000000	  0.000000	
  0.056842	  0.328421	  0.578947	  0.035789	
  0.006316	  0.000000	  0.000000	  0.993684	
  0.046316	  0.953684	  0.000000	  0.000000	
  1.000000	  0.000000	  0.000000	  0.000000	
  0.008421	  0.296842	  0.200000	  0.494737	

MOTIF h-SPI1.WEIMOUSE SPDEF_0.138191469942

letter-probability matrix: alength= 4 w= 9 nsites= 20 E= 0
  0.118812	  0.752475	  0.118812	  0.009901	
  0.230000	  0.750000	  0.020000	  0.000000	
  0.000000	  0.000000	  1.000000	  0.000000	
  0.000000	  0.000000	  1.000000	  0.000000	
  0.990000	  0.000000	  0.010000	  0.000000	
  0.110000	  0.150000	  0.020000	  0.720000	
  0.300000	  0.150000	  0.470000	  0.080000	
  0.070000	  0.370000	  0.050000	  0.510000	
  0.380000	  0.120000	  0.320000	  0.180000	

MOTIF Spi1.TF2DNA Spi1_0.137551781877

letter-probability matrix: alength= 4 w= 8 nsites= 20 E= 0
  0.121000	  0.319000	  0.118000	  0.443000	
  0.194000	  0.004000	  0.181000	  0.622000	
  0.000000	  0.000000	  0.985000	  0.015000	
  0.464000	  0.183000	  0.129000	  0.225000	
  1.000000	  0.000000	  0.000000	  0.000000	
  1.000000	  0.000000	  0.000000	  0.000000	
  0.003000	  0.000000	  0.997000	  0.000000	
  0.220000	  0.078000	  0.182000	  0.521000	

MOTIF AP1_disc3.POUR FOS_K562_encode-White_seq_hsa_eGFP_r1:MDscan#3#Intergenic_0.133410684601

letter-probability matrix: alength= 4 w= 9 nsites= 20 E= 0
  0.000000	  0.000000	  0.000000	  1.000000	
  0.000000	  0.000000	  1.000000	  0.000000	
  1.000000	  0.000000	  0.000000	  0.000000	
  0.020501	  0.469248	  0.498861	  0.011390	
  0.000000	  0.000000	  0.000000	  1.000000	
  0.000000	  1.000000	  0.000000	  0.000000	
  1.000000	  0.000000	  0.000000	  0.000000	
  0.000000	  0.505695	  0.000000	  0.494305	
  0.220957	  0.428246	  0.154897	  0.195900	

MOTIF AP-1.HOMER ThioMac-PU.1-ChIP-Seq_0.132105295127

letter-probability matrix: alength= 4 w= 9 nsites= 20 E= 0
  0.001000	  0.001000	  0.001000	  0.997000	
  0.010000	  0.002000	  0.965000	  0.023000	
  0.984000	  0.003000	  0.001000	  0.012000	
  0.062000	  0.579000	  0.305000	  0.054000	
  0.026000	  0.001000	  0.001000	  0.972000	
  0.043000	  0.943000	  0.001000	  0.012000	
  0.980000	  0.005000	  0.001000	  0.014000	
  0.050000	  0.172000	  0.307000	  0.471000	
  0.149000	  0.444000	  0.211000	  0.195000	

MOTIF AP1.1_4.ZLAB AP1_0.129645816004

letter-probability matrix: alength= 4 w= 14 nsites= 20 E= 0
  0.250000	  0.562500	  0.000000	  0.187500	
  0.000000	  0.875000	  0.000000	  0.125000	
  0.500000	  0.437500	  0.000000	  0.062500	
  0.125000	  0.375000	  0.312500	  0.187500	
  0.187500	  0.812500	  0.000000	  0.000000	
  0.000000	  0.750000	  0.000000	  0.250000	
  0.000000	  0.750000	  0.000000	  0.250000	
  0.000000	  1.000000	  0.000000	  0.000000	
  0.000000	  0.875000	  0.000000	  0.125000	
  0.500000	  0.000000	  0.062500	  0.437500	
  0.000000	  1.000000	  0.000000	  0.000000	
  0.000000	  1.000000	  0.000000	  0.000000	
  0.375000	  0.437500	  0.000000	  0.187500	
  0.062500	  0.937500	  0.000000	  0.000000	

MOTIF PU1.1_5.ZLAB PU1_0.129448111472

letter-probability matrix: alength= 4 w= 14 nsites= 20 E= 0
  0.413793	  0.068966	  0.517241	  0.000000	
  0.344828	  0.000000	  0.379310	  0.275862	
  0.344828	  0.034483	  0.620690	  0.000000	
  0.551724	  0.000000	  0.448276	  0.000000	
  0.000000	  0.000000	  1.000000	  0.000000	
  0.000000	  1.000000	  0.000000	  0.000000	
  0.793103	  0.000000	  0.000000	  0.206897	
  0.034483	  0.206897	  0.655172	  0.103448	
  0.068966	  0.931034	  0.000000	  0.000000	
  0.241379	  0.000000	  0.000000	  0.758621	
  0.000000	  0.000000	  1.000000	  0.000000	
  0.379310	  0.000000	  0.482759	  0.137931	
  0.310345	  0.068966	  0.344828	  0.275862	
  0.689655	  0.034483	  0.275862	  0.000000	

MOTIF AP1.1_5.ZLAB AP1_0.125528686429

letter-probability matrix: alength= 4 w= 10 nsites= 20 E= 0
  0.391304	  0.130435	  0.086957	  0.391304	
  0.000000	  0.000000	  1.000000	  0.000000	
  0.130435	  0.000000	  0.869565	  0.000000	
  1.000000	  0.000000	  0.000000	  0.000000	
  0.000000	  0.000000	  0.913043	  0.086957	
  0.000000	  0.000000	  0.782609	  0.217391	
  0.000000	  1.000000	  0.000000	  0.000000	
  0.478261	  0.000000	  0.000000	  0.521739	
  0.000000	  0.000000	  1.000000	  0.000000	
  0.565217	  0.391304	  0.043478	  0.000000	

MOTIF UP00085_2.UNIPROBE Sfpi1_secondary_0.12143701564

letter-probability matrix: alength= 4 w= 13 nsites= 20 E= 0
  0.407411	  0.209199	  0.177959	  0.205430	
  0.663761	  0.052852	  0.146297	  0.137089	
  0.479949	  0.060152	  0.029036	  0.430863	
  0.220887	  0.085462	  0.024186	  0.669465	
  0.211993	  0.111100	  0.120358	  0.556550	
  0.313150	  0.360343	  0.156354	  0.170153	
  0.308131	  0.323440	  0.294899	  0.073530	
  0.219945	  0.060802	  0.664830	  0.054423	
  0.117625	  0.080553	  0.728331	  0.073491	
  0.725502	  0.039058	  0.095272	  0.140168	
  0.730077	  0.107252	  0.036034	  0.126638	
  0.216907	  0.541025	  0.123234	  0.118835	
  0.218267	  0.479050	  0.115849	  0.186834	

MOTIF AP1.1_2.ZLAB AP1_0.116912518616

letter-probability matrix: alength= 4 w= 7 nsites= 20 E= 0
  0.000000	  0.000000	  0.000000	  1.000000	
  0.000000	  0.000000	  0.875458	  0.124542	
  1.000000	  0.000000	  0.000000	  0.000000	
  0.065934	  0.695971	  0.036630	  0.201465	
  0.000000	  0.000000	  0.000000	  1.000000	
  0.124542	  0.875458	  0.000000	  0.000000	
  1.000000	  0.000000	  0.000000	  0.000000	

MOTIF AP1_disc4.POUR JUND_GM12878_encode-Snyder_seq_hsa_r1:AlignACE#2#Intergenic_0.111643038048

letter-probability matrix: alength= 4 w= 12 nsites= 20 E= 0
  0.000000	  0.296296	  0.555556	  0.148148	
  0.000000	  0.000000	  0.000000	  1.000000	
  0.209877	  0.790123	  0.000000	  0.000000	
  1.000000	  0.000000	  0.000000	  0.000000	
  0.283951	  0.061728	  0.098765	  0.555556	
  0.592593	  0.086420	  0.024691	  0.296296	
  0.246914	  0.358025	  0.172840	  0.222222	
  0.209877	  0.000000	  0.098765	  0.691358	
  0.000000	  0.000000	  1.000000	  0.000000	
  1.000000	  0.000000	  0.000000	  0.000000	
  0.790123	  0.000000	  0.209877	  0.000000	
  1.000000	  0.000000	  0.000000	  0.000000	

MOTIF AP-1_FRAGMENT_FOS.3DFOOTPRINT AP-1_0.110299931488

letter-probability matrix: alength= 4 w= 14 nsites= 20 E= 0
  0.000000	  0.000000	  1.000000	  0.000000	
  1.000000	  0.000000	  0.000000	  0.000000	
  0.708333	  0.041667	  0.187500	  0.062500	
  0.250000	  0.250000	  0.250000	  0.250000	
  0.635417	  0.135417	  0.093750	  0.135417	
  0.250000	  0.250000	  0.250000	  0.250000	
  0.208333	  0.135417	  0.093750	  0.562500	
  0.000000	  0.041667	  0.000000	  0.958333	
  0.000000	  0.000000	  1.000000	  0.000000	
  0.250000	  0.250000	  0.250000	  0.250000	
  0.041667	  0.156250	  0.041667	  0.760417	
  0.000000	  0.000000	  0.000000	  1.000000	
  0.000000	  1.000000	  0.000000	  0.000000	
  1.000000	  0.000000	  0.000000	  0.000000	

MOTIF AP1_disc5.POUR FOS_K562_encode-White_seq_hsa_eGFP_r1:Trawler#3#Intergenic_0.108145987502

letter-probability matrix: alength= 4 w= 8 nsites= 20 E= 0
  0.000000	  1.000000	  0.000000	  0.000000	
  0.000000	  0.000000	  0.000000	  1.000000	
  0.000000	  1.000000	  0.000000	  0.000000	
  1.000000	  0.000000	  0.000000	  0.000000	
  0.098361	  0.901639	  0.000000	  0.000000	
  0.213115	  0.639344	  0.065574	  0.081967	
  0.590164	  0.081967	  0.180328	  0.147541	
  0.000000	  0.557377	  0.393443	  0.049180	

MOTIF PU1.1_2.ZLAB PU1_0.107165827082

letter-probability matrix: alength= 4 w= 20 nsites= 20 E= 0
  0.000000	  0.175000	  0.125000	  0.700000	
  0.100000	  0.225000	  0.650000	  0.025000	
  0.225000	  0.075000	  0.300000	  0.400000	
  0.000000	  0.175000	  0.825000	  0.000000	
  0.050000	  0.050000	  0.175000	  0.725000	
  0.000000	  0.000000	  0.950000	  0.050000	
  0.000000	  0.025000	  0.475000	  0.500000	
  0.100000	  0.025000	  0.700000	  0.175000	
  0.050000	  0.125000	  0.500000	  0.325000	
  0.125000	  0.225000	  0.375000	  0.275000	
  0.000000	  0.000000	  0.500000	  0.500000	
  0.225000	  0.000000	  0.700000	  0.075000	
  0.050000	  0.000000	  0.775000	  0.175000	
  0.050000	  0.325000	  0.625000	  0.000000	
  0.600000	  0.000000	  0.175000	  0.225000	
  0.000000	  0.025000	  0.975000	  0.000000	
  0.050000	  0.075000	  0.700000	  0.175000	
  0.200000	  0.025000	  0.375000	  0.400000	
  0.100000	  0.100000	  0.725000	  0.075000	
  0.625000	  0.200000	  0.075000	  0.100000	

MOTIF AP1_disc7.POUR FOS_HUVEC_encode-Snyder_seq_hsa_r1:AlignACE#2#Intergenic_0.0998210820034

letter-probability matrix: alength= 4 w= 11 nsites= 20 E= 0
  0.238596	  0.150877	  0.266667	  0.343860	
  0.000000	  0.505263	  0.494737	  0.000000	
  0.424561	  0.000000	  0.000000	  0.575439	
  0.000000	  0.000000	  1.000000	  0.000000	
  0.396491	  0.112281	  0.298246	  0.192982	
  0.000000	  0.487719	  0.512281	  0.000000	
  0.280702	  0.126316	  0.196491	  0.396491	
  0.000000	  0.522807	  0.477193	  0.000000	
  0.557895	  0.442105	  0.000000	  0.000000	
  0.245614	  0.000000	  0.319298	  0.435088	
  0.000000	  0.000000	  1.000000	  0.000000	

MOTIF AP1_disc9.POUR FOSL1_K562_encode-Myers_seq_hsa_v041610.1-SC-183_r1:Trawler#3#Intergenic_0.0947501717591

letter-probability matrix: alength= 4 w= 7 nsites= 20 E= 0
  0.000000	  1.000000	  0.000000	  0.000000	
  0.000000	  0.025000	  0.000000	  0.975000	
  0.025000	  0.950000	  0.000000	  0.025000	
  0.975000	  0.000000	  0.025000	  0.000000	
  0.000000	  0.225000	  0.000000	  0.775000	
  0.000000	  0.000000	  1.000000	  0.000000	
  0.000000	  0.575000	  0.425000	  0.000000	

MOTIF PU1_SPI1_2.GUERTIN PU1_0.0932431774486

letter-probability matrix: alength= 4 w= 19 nsites= 20 E= 0
  1.000000	  0.000000	  0.000000	  0.000000	
  0.875000	  0.000000	  0.125000	  0.000000	
  0.000000	  0.000000	  0.975000	  0.025000	
  1.000000	  0.000000	  0.000000	  0.000000	
  0.975000	  0.000000	  0.025000	  0.000000	
  1.000000	  0.000000	  0.000000	  0.000000	
  0.000000	  0.025000	  0.025000	  0.950000	
  0.975000	  0.000000	  0.025000	  0.000000	
  0.950000	  0.025000	  0.025000	  0.000000	
  0.975000	  0.000000	  0.025000	  0.000000	
  0.125000	  0.025000	  0.850000	  0.000000	
  0.075000	  0.000000	  0.875000	  0.050000	
  0.050000	  0.050000	  0.900000	  0.000000	
  0.000000	  0.475000	  0.000000	  0.525000	
  0.925000	  0.000000	  0.075000	  0.000000	
  0.025000	  0.000000	  0.000000	  0.975000	
  0.000000	  0.300000	  0.000000	  0.700000	
  0.000000	  0.925000	  0.000000	  0.075000	
  0.950000	  0.000000	  0.050000	  0.000000	

MOTIF AP1_disc10.POUR FOS_GM12878_encode-Snyder_seq_hsa_r1:AlignACE#1#Intergenic_0.088198450312

letter-probability matrix: alength= 4 w= 9 nsites= 20 E= 0
  0.155951	  0.343365	  0.500684	  0.000000	
  0.084815	  0.363885	  0.525308	  0.025992	
  0.225718	  0.195622	  0.430917	  0.147743	
  0.274966	  0.187415	  0.537619	  0.000000	
  0.000000	  0.000000	  1.000000	  0.000000	
  0.000000	  0.536252	  0.463748	  0.000000	
  0.225718	  0.272230	  0.410397	  0.091655	
  0.000000	  0.247606	  0.752394	  0.000000	
  0.041040	  0.433653	  0.525307	  0.000000	

MOTIF AP1_disc6.POUR JUND_H1-hESC_encode-Myers_seq_hsa_v041610.2_r1:MEME#2#Intergenic_0.0867112701687

letter-probability matrix: alength= 4 w= 14 nsites= 20 E= 0
  0.055556	  0.699999	  0.166667	  0.077778	
  0.066667	  0.655555	  0.088889	  0.188889	
  0.311111	  0.044444	  0.344444	  0.300000	
  0.033333	  0.555556	  0.277778	  0.133333	
  0.044444	  0.033333	  0.177778	  0.744445	
  0.033333	  0.911112	  0.044444	  0.011111	
  0.000000	  1.000000	  0.000000	  0.000000	
  0.366667	  0.000000	  0.588889	  0.044444	
  0.000000	  0.077778	  0.866666	  0.055556	
  0.077778	  0.100000	  0.822222	  0.000000	
  0.055556	  0.200000	  0.055556	  0.688888	
  0.000000	  0.122222	  0.000000	  0.877778	
  0.000000	  0.000000	  0.000000	  1.000000	
  0.000000	  0.033333	  0.000000	  0.966667	

MOTIF AP1_disc1.POUR JUND_K562_encode-Snyder_seq_hsa_r1:MEME#1#Intergenic_0.0777409881317

letter-probability matrix: alength= 4 w= 9 nsites= 20 E= 0
  0.000000	  0.000000	  0.000000	  1.000000	
  0.000000	  0.000000	  0.927885	  0.072115	
  0.980769	  0.000000	  0.019231	  0.000000	
  0.004808	  0.937499	  0.019231	  0.038462	
  0.081731	  0.033654	  0.879807	  0.004808	
  0.000000	  0.000000	  0.000000	  1.000000	
  0.072115	  0.927885	  0.000000	  0.000000	
  0.995192	  0.000000	  0.000000	  0.004808	
  0.004808	  0.461538	  0.096154	  0.437500	

MOTIF PU1_SPI1_3.GUERTIN PU1_0.0736911681571

letter-probability matrix: alength= 4 w= 19 nsites= 20 E= 0
  0.840909	  0.022727	  0.090909	  0.045455	
  0.045455	  0.000000	  0.022727	  0.931818	
  0.000000	  0.954545	  0.045455	  0.000000	
  0.227273	  0.000000	  0.045455	  0.727273	
  0.000000	  0.000000	  1.000000	  0.000000	
  0.000000	  0.931818	  0.045455	  0.022727	
  1.000000	  0.000000	  0.000000	  0.000000	
  0.886364	  0.022727	  0.068182	  0.022727	
  0.954545	  0.000000	  0.045455	  0.000000	
  0.000000	  0.795455	  0.181818	  0.022727	
  0.977273	  0.000000	  0.000000	  0.022727	
  0.068182	  0.000000	  0.931818	  0.000000	
  0.340909	  0.000000	  0.613636	  0.045455	
  0.045455	  0.000000	  0.954545	  0.000000	
  0.954545	  0.000000	  0.045455	  0.000000	
  0.045455	  0.704545	  0.113636	  0.136364	
  1.000000	  0.000000	  0.000000	  0.000000	
  0.704545	  0.000000	  0.250000	  0.045455	
  0.022727	  0.000000	  0.068182	  0.909091	

MOTIF PU1.1_4.ZLAB PU1_0.0727496387147

letter-probability matrix: alength= 4 w= 17 nsites= 20 E= 0
  0.888889	  0.000000	  0.111111	  0.000000	
  0.000000	  0.000000	  1.000000	  0.000000	
  0.111111	  0.888889	  0.000000	  0.000000	
  0.111111	  0.888889	  0.000000	  0.000000	
  0.000000	  0.000000	  0.000000	  1.000000	
  0.000000	  0.222222	  0.666667	  0.111111	
  0.000000	  1.000000	  0.000000	  0.000000	
  0.111111	  0.000000	  0.000000	  0.888889	
  0.111111	  0.000000	  0.888889	  0.000000	
  0.222222	  0.222222	  0.111111	  0.444444	
  0.000000	  0.000000	  0.666667	  0.333333	
  0.000000	  0.000000	  1.000000	  0.000000	
  0.000000	  1.000000	  0.000000	  0.000000	
  0.000000	  0.111111	  0.000000	  0.888889	
  0.000000	  0.333333	  0.666667	  0.000000	
  0.111111	  0.000000	  0.444444	  0.444444	
  0.000000	  0.111111	  0.777778	  0.111111	

MOTIF PU1_SPI1_4.GUERTIN PU1_0.0541326399678

letter-probability matrix: alength= 4 w= 17 nsites= 20 E= 0
  0.029412	  0.029412	  0.941176	  0.000000	
  0.000000	  0.000000	  1.000000	  0.000000	
  0.000000	  0.058824	  0.941176	  0.000000	
  0.000000	  0.000000	  1.000000	  0.000000	
  0.029412	  0.058824	  0.058824	  0.852941	
  0.029412	  0.000000	  0.000000	  0.970588	
  0.029412	  0.000000	  0.000000	  0.970588	
  0.000000	  0.000000	  0.058824	  0.941176	
  0.000000	  1.000000	  0.000000	  0.000000	
  0.000000	  0.088235	  0.000000	  0.911765	
  0.970588	  0.029412	  0.000000	  0.000000	
  0.500000	  0.000000	  0.500000	  0.000000	
  0.941176	  0.029412	  0.029412	  0.000000	
  0.000000	  0.000000	  0.029412	  0.970588	
  1.000000	  0.000000	  0.000000	  0.000000	
  0.058824	  0.058824	  0.000000	  0.882353	
  0.941176	  0.029412	  0.029412	  0.000000	

MOTIF AP1_disc2.POUR FOS_GM12878_encode-Snyder_seq_hsa_r1:MEME#1#Intergenic_0.0485650174408

letter-probability matrix: alength= 4 w= 9 nsites= 20 E= 0
  0.063559	  0.635593	  0.156780	  0.144068	
  0.000000	  0.364407	  0.012712	  0.622881	
  0.021186	  0.351695	  0.474576	  0.152542	
  1.000000	  0.000000	  0.000000	  0.000000	
  0.000000	  0.008475	  0.000000	  0.991525	
  0.000000	  0.000000	  0.000000	  1.000000	
  0.000000	  0.000000	  1.000000	  0.000000	
  0.000000	  0.000000	  1.000000	  0.000000	
  0.118644	  0.504237	  0.038136	  0.338983	
