MEME version 4.4

ALPHABET= ACGT

strands: + -

Background letter frequencies (from uniform background):
A 0.25000 C 0.25000 G 0.25000 T 0.25000 

MOTIF MA0144.2.JASPAR STAT3

letter-probability matrix: alength= 4 w= 10 nsites= 20 E= 0
  0.032747	  0.000000	  0.000000	  0.967253	
  0.011563	  0.016004	  0.270583	  0.701850	
  0.046531	  0.905874	  0.000000	  0.047595	
  0.038853	  0.359852	  0.000000	  0.601295	
  0.170768	  0.000000	  0.529880	  0.299352	
  0.072803	  0.000000	  0.927197	  0.000000	
  0.117114	  0.000000	  0.864292	  0.018594	
  1.000000	  0.000000	  0.000000	  0.000000	
  1.000000	  0.000000	  0.000000	  0.000000	
  0.430666	  0.044496	  0.304302	  0.220537	

MOTIF STAT3.CHEN2008 STAT3

letter-probability matrix: alength= 4 w= 9 nsites= 20 E= 0
  0.000000	  0.000000	  0.000000	  1.000000	
  0.000000	  0.000000	  0.006289	  0.993711	
  0.000000	  1.000000	  0.000000	  0.000000	
  0.000000	  0.974843	  0.000000	  0.025157	
  0.308176	  0.352201	  0.069182	  0.270440	
  0.081761	  0.006289	  0.893082	  0.018868	
  0.006289	  0.000000	  0.993711	  0.000000	
  0.955975	  0.025157	  0.018868	  0.000000	
  0.968553	  0.018868	  0.000000	  0.012579	

MOTIF STAT3_si.HOCOMOCO STAT3

letter-probability matrix: alength= 4 w= 10 nsites= 20 E= 0
  0.012177	  0.013699	  0.015221	  0.958904	
  0.009132	  0.016743	  0.109589	  0.864536	
  0.120244	  0.853881	  0.009132	  0.016743	
  0.006088	  0.849315	  0.019787	  0.124810	
  0.000000	  0.001522	  0.414003	  0.584475	
  0.059361	  0.004566	  0.925419	  0.010654	
  0.031963	  0.015221	  0.898021	  0.054795	
  0.873668	  0.097412	  0.016743	  0.012177	
  0.940639	  0.030441	  0.015221	  0.013699	
  0.305936	  0.161339	  0.365297	  0.167428	

MOTIF Stat3+il21.HOMER CD4-Stat3-ChIP-Seq

letter-probability matrix: alength= 4 w= 13 nsites= 20 E= 0
  0.322000	  0.220000	  0.293000	  0.165000	
  0.061000	  0.421000	  0.169000	  0.349000	
  0.001000	  0.022000	  0.001000	  0.976000	
  0.001000	  0.001000	  0.159000	  0.839000	
  0.162000	  0.806000	  0.012000	  0.021000	
  0.001000	  0.809000	  0.001000	  0.189000	
  0.298000	  0.210000	  0.205000	  0.287000	
  0.207000	  0.001000	  0.791000	  0.001000	
  0.020000	  0.004000	  0.821000	  0.155000	
  0.842000	  0.156000	  0.001000	  0.001000	
  0.976000	  0.001000	  0.018000	  0.005000	
  0.331000	  0.178000	  0.424000	  0.066000	
  0.163000	  0.320000	  0.215000	  0.302000	

MOTIF Stat3.HOMER mES-Stat3-ChIP-Seq

letter-probability matrix: alength= 4 w= 9 nsites= 20 E= 0
  0.037000	  0.039000	  0.033000	  0.890000	
  0.044000	  0.014000	  0.142000	  0.800000	
  0.081000	  0.836000	  0.036000	  0.047000	
  0.013000	  0.848000	  0.024000	  0.116000	
  0.188000	  0.230000	  0.389000	  0.194000	
  0.101000	  0.031000	  0.851000	  0.016000	
  0.036000	  0.038000	  0.838000	  0.089000	
  0.816000	  0.113000	  0.031000	  0.040000	
  0.890000	  0.027000	  0.036000	  0.047000	

MOTIF STAT_disc4.POUR STAT3_HeLa-S3_encode-Snyder_seq_hsa_IgG-rab_r1:Trawler#1#Intergenic

letter-probability matrix: alength= 4 w= 8 nsites= 20 E= 0
  0.000000	  0.000000	  0.000000	  1.000000	
  0.000000	  0.000000	  0.000000	  1.000000	
  0.240000	  0.000000	  0.760000	  0.000000	
  0.000000	  1.000000	  0.000000	  0.000000	
  0.520000	  0.000000	  0.000000	  0.480000	
  0.160000	  0.840000	  0.000000	  0.000000	
  1.000000	  0.000000	  0.000000	  0.000000	
  1.000000	  0.000000	  0.000000	  0.000000	

MOTIF STAT_disc5.POUR STAT3_MCF10A-Er-Src_encode-Snyder_seq_hsa_EtOH-0.01pct-4hr_r1:Trawler#1#Intergenic

letter-probability matrix: alength= 4 w= 8 nsites= 20 E= 0
  1.000000	  0.000000	  0.000000	  0.000000	
  0.766667	  0.000000	  0.233333	  0.000000	
  0.000000	  0.000000	  0.000000	  1.000000	
  0.000000	  0.000000	  0.000000	  1.000000	
  0.000000	  1.000000	  0.000000	  0.000000	
  0.233333	  0.733333	  0.033333	  0.000000	
  0.000000	  0.000000	  0.066667	  0.933333	
  0.166667	  0.233333	  0.333333	  0.266667	

MOTIF STAT_disc6.POUR STAT3_MCF10A-Er-Src_encode-Snyder_seq_hsa_EtOH-0.01pct-4hr_r1:Trawler#3#Intergenic

letter-probability matrix: alength= 4 w= 8 nsites= 20 E= 0
  0.000000	  0.000000	  1.000000	  0.000000	
  0.000000	  0.142857	  0.857143	  0.000000	
  0.000000	  0.642857	  0.357143	  0.000000	
  1.000000	  0.000000	  0.000000	  0.000000	
  0.107143	  0.000000	  0.892857	  0.000000	
  0.000000	  0.000000	  1.000000	  0.000000	
  1.000000	  0.000000	  0.000000	  0.000000	
  0.785714	  0.000000	  0.000000	  0.214286	

MOTIF STAT_disc7.POUR STAT3_MCF10A-Er-Src_encode-Snyder_seq_hsa_EtOH-0.01pct-4hr_r1:AlignACE#3#Intergenic

letter-probability matrix: alength= 4 w= 12 nsites= 20 E= 0
  0.248120	  0.000000	  0.751880	  0.000000	
  0.000000	  0.165414	  0.834586	  0.000000	
  0.338346	  0.225564	  0.218045	  0.218045	
  0.368421	  0.225564	  0.330827	  0.075188	
  0.436090	  0.000000	  0.406015	  0.157895	
  0.000000	  0.000000	  1.000000	  0.000000	
  0.180451	  0.000000	  0.819549	  0.000000	
  0.338346	  0.315789	  0.345865	  0.000000	
  0.383459	  0.052632	  0.240602	  0.323308	
  0.000000	  0.000000	  1.000000	  0.000000	
  0.345865	  0.127820	  0.308271	  0.218045	
  0.218045	  0.180451	  0.601504	  0.000000	

MOTIF STAT3_1.GUERTIN STAT3

letter-probability matrix: alength= 4 w= 15 nsites= 20 E= 0
  0.084986	  0.124646	  0.042493	  0.747875	
  0.008499	  0.385269	  0.141643	  0.464589	
  0.022663	  0.303116	  0.005666	  0.668555	
  0.000000	  0.730878	  0.059490	  0.209632	
  0.538244	  0.059490	  0.067989	  0.334278	
  0.000000	  0.603399	  0.252125	  0.144476	
  0.025496	  0.107649	  0.000000	  0.866856	
  0.000000	  0.082153	  0.164306	  0.753541	
  0.000000	  0.594901	  0.033994	  0.371105	
  0.005666	  0.770538	  0.000000	  0.223796	
  0.135977	  0.232295	  0.050992	  0.580737	
  0.008499	  0.645892	  0.096317	  0.249292	
  0.073654	  0.294618	  0.005666	  0.626062	
  0.036827	  0.365439	  0.065156	  0.532578	
  0.076487	  0.308782	  0.016997	  0.597734	

MOTIF STAT3_2.GUERTIN STAT3

letter-probability matrix: alength= 4 w= 15 nsites= 20 E= 0
  0.053571	  0.946429	  0.000000	  0.000000	
  0.892857	  0.035714	  0.000000	  0.071429	
  0.000000	  0.607143	  0.321429	  0.071429	
  0.178571	  0.375000	  0.107143	  0.339286	
  0.821429	  0.000000	  0.107143	  0.071429	
  0.035714	  0.000000	  0.964286	  0.000000	
  0.732143	  0.000000	  0.267857	  0.000000	
  0.071429	  0.017857	  0.625000	  0.285714	
  0.017857	  0.000000	  0.982143	  0.000000	
  0.000000	  0.017857	  0.982143	  0.000000	
  0.375000	  0.625000	  0.000000	  0.000000	
  0.607143	  0.000000	  0.392857	  0.000000	
  0.071429	  0.392857	  0.500000	  0.035714	
  0.160714	  0.482143	  0.017857	  0.339286	
  0.678571	  0.107143	  0.160714	  0.053571	

MOTIF STAT3_3.GUERTIN STAT3

letter-probability matrix: alength= 4 w= 19 nsites= 20 E= 0
  0.758621	  0.241379	  0.000000	  0.000000	
  0.000000	  0.793103	  0.034483	  0.172414	
  0.758621	  0.241379	  0.000000	  0.000000	
  0.172414	  0.827586	  0.000000	  0.000000	
  0.827586	  0.068966	  0.000000	  0.103448	
  0.000000	  0.620690	  0.275862	  0.103448	
  0.827586	  0.000000	  0.000000	  0.172414	
  0.103448	  0.793103	  0.068966	  0.034483	
  0.758621	  0.137931	  0.068966	  0.034483	
  0.000000	  1.000000	  0.000000	  0.000000	
  0.827586	  0.172414	  0.000000	  0.000000	
  0.137931	  0.689655	  0.068966	  0.103448	
  0.758621	  0.103448	  0.000000	  0.137931	
  0.068966	  0.931034	  0.000000	  0.000000	
  0.896552	  0.068966	  0.000000	  0.034483	
  0.275862	  0.689655	  0.034483	  0.000000	
  0.620690	  0.310345	  0.068966	  0.000000	
  0.275862	  0.551724	  0.034483	  0.137931	
  0.758621	  0.172414	  0.000000	  0.068966	

MOTIF STAT3_4.GUERTIN STAT3

letter-probability matrix: alength= 4 w= 7 nsites= 20 E= 0
  0.000000	  0.000000	  0.000000	  1.000000	
  0.000000	  0.000000	  1.000000	  0.000000	
  1.000000	  0.000000	  0.000000	  0.000000	
  0.000000	  1.000000	  0.000000	  0.000000	
  0.000000	  0.000000	  0.000000	  1.000000	
  0.000000	  1.000000	  0.000000	  0.000000	
  1.000000	  0.000000	  0.000000	  0.000000	

MOTIF Stat3.TF2DNA Stat3

letter-probability matrix: alength= 4 w= 7 nsites= 20 E= 0
  0.004000	  0.000000	  0.000000	  0.996000	
  0.504000	  0.000000	  0.000000	  0.496000	
  0.000000	  0.000000	  0.000000	  1.000000	
  0.279000	  0.054000	  0.035000	  0.633000	
  0.376000	  0.070000	  0.046000	  0.508000	
  0.166000	  0.393000	  0.284000	  0.157000	
  0.178000	  0.354000	  0.296000	  0.172000	

MOTIF STAT3.SWISSREGULON STAT1,3.p3

letter-probability matrix: alength= 4 w= 20 nsites= 20 E= 0
  0.183322	  0.053944	  0.729255	  0.033478	
  0.435282	  0.044204	  0.459894	  0.060620	
  0.104068	  0.286479	  0.583823	  0.025629	
  0.541292	  0.079819	  0.066386	  0.312503	
  0.252648	  0.118966	  0.088264	  0.540122	
  0.000000	  0.000000	  0.000000	  1.000000	
  0.000000	  0.000000	  0.000000	  1.000000	
  0.051067	  0.930082	  0.000000	  0.018852	
  0.018585	  0.744496	  0.000000	  0.236919	
  0.268195	  0.173356	  0.243850	  0.314599	
  0.155838	  0.000000	  0.844162	  0.000000	
  0.016156	  0.000000	  0.968973	  0.014871	
  0.977706	  0.000000	  0.022294	  0.000000	
  0.989631	  0.000000	  0.010369	  0.000000	
  0.525653	  0.283410	  0.105107	  0.085829	
  0.127251	  0.049873	  0.341461	  0.481415	
  0.110505	  0.073041	  0.807215	  0.009239	
  0.486908	  0.022358	  0.432666	  0.058068	
  0.165503	  0.066492	  0.719490	  0.048514	
  0.179437	  0.164970	  0.363440	  0.292152	

MOTIF M4478_1.02.CIS-BP STAT3

letter-probability matrix: alength= 4 w= 19 nsites= 20 E= 0
  0.395349	  0.348837	  0.046512	  0.209302	
  0.116279	  0.302326	  0.372093	  0.209302	
  0.209302	  0.325581	  0.372093	  0.093023	
  0.046512	  0.000000	  0.186047	  0.767441	
  0.000000	  0.348837	  0.627907	  0.023256	
  0.558140	  0.093023	  0.209302	  0.139535	
  0.000000	  0.302326	  0.139535	  0.558139	
  0.000000	  0.000000	  0.000000	  1.000000	
  0.023256	  0.000000	  0.093023	  0.883721	
  0.162791	  0.674418	  0.046512	  0.116279	
  0.046512	  0.627906	  0.023256	  0.302326	
  0.372093	  0.093023	  0.418605	  0.116279	
  0.279070	  0.000000	  0.720930	  0.000000	
  0.000000	  0.000000	  0.651163	  0.348837	
  0.883721	  0.116279	  0.000000	  0.000000	
  0.976744	  0.023256	  0.000000	  0.000000	
  0.697674	  0.023256	  0.186047	  0.093023	
  0.162791	  0.232558	  0.116279	  0.488372	
  0.255814	  0.116279	  0.534884	  0.093023	

