MEME version 4.4

ALPHABET= ACGT

strands: + -

Background letter frequencies (from uniform background):
A 0.25000 C 0.25000 G 0.25000 T 0.25000 

MOTIF TAF1_1.GUERTIN TAF1

letter-probability matrix: alength= 4 w= 19 nsites= 20 E= 0
  0.004292	  0.424893	  0.000000	  0.570815	
  0.042918	  0.484979	  0.072961	  0.399142	
  0.025751	  0.497854	  0.111588	  0.364807	
  0.141631	  0.536481	  0.133047	  0.188841	
  0.047210	  0.429185	  0.047210	  0.476395	
  0.000000	  0.454936	  0.034335	  0.510730	
  0.021459	  0.600858	  0.090129	  0.287554	
  0.042918	  0.407725	  0.000000	  0.549356	
  0.000000	  0.656652	  0.094421	  0.248927	
  0.034335	  0.515021	  0.000000	  0.450644	
  0.141631	  0.248927	  0.042918	  0.566524	
  0.004292	  0.828326	  0.000000	  0.167382	
  0.025751	  0.360515	  0.000000	  0.613734	
  0.000000	  0.334764	  0.154506	  0.510730	
  0.017167	  0.600858	  0.025751	  0.356223	
  0.008584	  0.729614	  0.064378	  0.197425	
  0.184549	  0.261803	  0.021459	  0.532189	
  0.051502	  0.583691	  0.218884	  0.145923	
  0.214592	  0.467811	  0.060086	  0.257511	

MOTIF TAF1_2.GUERTIN TAF1

letter-probability matrix: alength= 4 w= 11 nsites= 20 E= 0
  0.945652	  0.000000	  0.054348	  0.000000	
  1.000000	  0.000000	  0.000000	  0.000000	
  0.271739	  0.086957	  0.597826	  0.043478	
  1.000000	  0.000000	  0.000000	  0.000000	
  0.000000	  0.000000	  0.000000	  1.000000	
  0.000000	  0.000000	  1.000000	  0.000000	
  0.000000	  0.000000	  0.967391	  0.032609	
  0.043478	  0.945652	  0.000000	  0.010870	
  0.054348	  0.097826	  0.695652	  0.152174	
  0.043478	  0.119565	  0.771739	  0.065217	
  0.152174	  0.728261	  0.000000	  0.119565	

MOTIF TAF1_3.GUERTIN TAF1

letter-probability matrix: alength= 4 w= 19 nsites= 20 E= 0
  0.000000	  0.784946	  0.118280	  0.096774	
  0.161290	  0.645161	  0.021505	  0.172043	
  0.053763	  0.000000	  0.881720	  0.064516	
  0.000000	  0.924731	  0.053763	  0.021505	
  0.161290	  0.677419	  0.000000	  0.161290	
  0.139785	  0.000000	  0.731183	  0.129032	
  0.064516	  0.817204	  0.000000	  0.118280	
  0.118280	  0.591398	  0.096774	  0.193548	
  0.000000	  0.032258	  0.838710	  0.129032	
  0.000000	  0.903226	  0.021505	  0.075269	
  0.107527	  0.763441	  0.010753	  0.118280	
  0.139785	  0.086022	  0.752688	  0.021505	
  0.000000	  0.924731	  0.010753	  0.064516	
  0.064516	  0.677419	  0.000000	  0.258065	
  0.021505	  0.000000	  0.849462	  0.129032	
  0.010753	  0.924731	  0.043011	  0.021505	
  0.064516	  0.655914	  0.021505	  0.258065	
  0.139785	  0.064516	  0.623656	  0.172043	
  0.032258	  0.870968	  0.096774	  0.000000	

MOTIF TAF1_4.GUERTIN TAF1

letter-probability matrix: alength= 4 w= 15 nsites= 20 E= 0
  0.457831	  0.120482	  0.204819	  0.216867	
  0.216867	  0.120482	  0.228916	  0.433735	
  0.000000	  0.132530	  0.385542	  0.481928	
  0.000000	  0.192771	  0.373494	  0.433735	
  0.000000	  0.156627	  0.060241	  0.783133	
  0.000000	  0.012048	  0.253012	  0.734940	
  0.108434	  0.132530	  0.108434	  0.650602	
  0.036145	  0.457831	  0.156627	  0.349398	
  0.240964	  0.120482	  0.000000	  0.638554	
  0.265060	  0.120482	  0.216867	  0.397590	
  0.024096	  0.072289	  0.000000	  0.903614	
  0.000000	  0.253012	  0.313253	  0.433735	
  0.000000	  0.000000	  0.000000	  1.000000	
  0.036145	  0.228916	  0.204819	  0.530120	
  0.397590	  0.024096	  0.000000	  0.578313	

MOTIF TAF7_1.GUERTIN TAF7

letter-probability matrix: alength= 4 w= 11 nsites= 20 E= 0
  0.955000	  0.000000	  0.040000	  0.005000	
  0.900000	  0.015000	  0.055000	  0.030000	
  0.200000	  0.160000	  0.640000	  0.000000	
  1.000000	  0.000000	  0.000000	  0.000000	
  0.010000	  0.000000	  0.000000	  0.990000	
  0.000000	  0.000000	  1.000000	  0.000000	
  0.000000	  0.000000	  0.995000	  0.005000	
  0.030000	  0.940000	  0.000000	  0.030000	
  0.030000	  0.065000	  0.865000	  0.040000	
  0.055000	  0.130000	  0.780000	  0.035000	
  0.145000	  0.725000	  0.030000	  0.100000	

MOTIF TAF7_2.GUERTIN TAF7

letter-probability matrix: alength= 4 w= 19 nsites= 20 E= 0
  0.229268	  0.687805	  0.082927	  0.000000	
  0.175610	  0.009756	  0.790244	  0.024390	
  0.087805	  0.029268	  0.882927	  0.000000	
  0.112195	  0.795122	  0.004878	  0.087805	
  0.331707	  0.068293	  0.521951	  0.078049	
  0.004878	  0.073171	  0.921951	  0.000000	
  0.219512	  0.629268	  0.004878	  0.146341	
  0.102439	  0.039024	  0.819512	  0.039024	
  0.141463	  0.053659	  0.804878	  0.000000	
  0.078049	  0.658537	  0.200000	  0.063415	
  0.273171	  0.185366	  0.453659	  0.087805	
  0.073171	  0.029268	  0.897561	  0.000000	
  0.082927	  0.668293	  0.204878	  0.043902	
  0.370732	  0.053659	  0.380488	  0.195122	
  0.053659	  0.185366	  0.751220	  0.009756	
  0.024390	  0.624390	  0.282927	  0.068293	
  0.263415	  0.073171	  0.634146	  0.029268	
  0.156098	  0.087805	  0.746341	  0.009756	
  0.185366	  0.400000	  0.414634	  0.000000	

MOTIF TAF7_3.GUERTIN TAF7

letter-probability matrix: alength= 4 w= 15 nsites= 20 E= 0
  0.025000	  0.637500	  0.000000	  0.337500	
  0.262500	  0.031250	  0.650000	  0.056250	
  0.000000	  0.081250	  0.918750	  0.000000	
  0.206250	  0.531250	  0.062500	  0.200000	
  0.225000	  0.325000	  0.050000	  0.400000	
  0.225000	  0.325000	  0.312500	  0.137500	
  0.493750	  0.168750	  0.293750	  0.043750	
  0.768750	  0.025000	  0.206250	  0.000000	
  0.600000	  0.050000	  0.262500	  0.087500	
  0.000000	  1.000000	  0.000000	  0.000000	
  0.037500	  0.650000	  0.000000	  0.312500	
  0.200000	  0.000000	  0.762500	  0.037500	
  0.000000	  0.137500	  0.862500	  0.000000	
  0.006250	  0.500000	  0.037500	  0.456250	
  0.006250	  0.400000	  0.043750	  0.550000	

MOTIF TAF7_4.GUERTIN TAF7

letter-probability matrix: alength= 4 w= 19 nsites= 20 E= 0
  0.765625	  0.000000	  0.093750	  0.140625	
  0.562500	  0.171875	  0.265625	  0.000000	
  0.656250	  0.062500	  0.015625	  0.265625	
  0.343750	  0.078125	  0.437500	  0.140625	
  0.625000	  0.296875	  0.078125	  0.000000	
  0.718750	  0.187500	  0.093750	  0.000000	
  0.843750	  0.000000	  0.000000	  0.156250	
  0.296875	  0.312500	  0.390625	  0.000000	
  0.609375	  0.078125	  0.015625	  0.296875	
  0.343750	  0.234375	  0.421875	  0.000000	
  0.609375	  0.156250	  0.078125	  0.156250	
  0.562500	  0.171875	  0.109375	  0.156250	
  0.718750	  0.203125	  0.078125	  0.000000	
  0.656250	  0.000000	  0.343750	  0.000000	
  0.640625	  0.171875	  0.171875	  0.015625	
  0.578125	  0.375000	  0.000000	  0.046875	
  0.859375	  0.062500	  0.000000	  0.078125	
  0.140625	  0.437500	  0.375000	  0.046875	
  0.843750	  0.000000	  0.000000	  0.156250	

