MEME version 4.4

ALPHABET= ACGT

strands: + -

Background letter frequencies (from uniform background):
A 0.25000 C 0.25000 G 0.25000 T 0.25000 

MOTIF HTF4_f1.HOCOMOCO HTF4

letter-probability matrix: alength= 4 w= 8 nsites= 20 E= 0
  0.156927	  0.033487	  0.809586	  0.000000	
  0.000000	  1.000000	  0.000000	  0.000000	
  1.000000	  0.000000	  0.000000	  0.000000	
  0.000000	  0.000000	  1.000000	  0.000000	
  0.011819	  0.435982	  0.551543	  0.000657	
  0.000000	  0.000000	  0.000000	  1.000000	
  0.000000	  0.000000	  1.000000	  0.000000	
  0.078792	  0.235719	  0.325016	  0.360473	

MOTIF Tcf12.HOMER GM12878-Tcf12-ChIP-Seq

letter-probability matrix: alength= 4 w= 9 nsites= 20 E= 0
  0.001000	  0.997000	  0.001000	  0.001000	
  0.997000	  0.001000	  0.001000	  0.001000	
  0.001000	  0.107000	  0.891000	  0.001000	
  0.001000	  0.974000	  0.024000	  0.001000	
  0.111000	  0.001000	  0.001000	  0.887000	
  0.001000	  0.001000	  0.997000	  0.001000	
  0.001000	  0.430000	  0.244000	  0.325000	
  0.137000	  0.182000	  0.162000	  0.519000	
  0.157000	  0.206000	  0.424000	  0.212000	

MOTIF TCF12_disc1.POUR TCF12_H1-hESC_encode-Myers_seq_hsa_r1:MEME#1#Intergenic

letter-probability matrix: alength= 4 w= 7 nsites= 20 E= 0
  0.008230	  0.991770	  0.000000	  0.000000	
  0.967078	  0.000000	  0.000000	  0.032922	
  0.000000	  0.666667	  0.255144	  0.078189	
  0.008230	  0.987655	  0.004115	  0.000000	
  0.069959	  0.000000	  0.000000	  0.930041	
  0.000000	  0.012346	  0.987654	  0.000000	
  0.032922	  0.337449	  0.530864	  0.098765	

MOTIF TCF12_disc2.POUR TCF12_HepG2_encode-Myers_seq_hsa_r1:MDscan#2#Intergenic

letter-probability matrix: alength= 4 w= 9 nsites= 20 E= 0
  0.222930	  0.197452	  0.433121	  0.146497	
  0.509554	  0.000000	  0.070064	  0.420382	
  0.000000	  0.000000	  1.000000	  0.000000	
  0.000000	  0.382166	  0.000000	  0.617834	
  0.745223	  0.254777	  0.000000	  0.000000	
  0.789809	  0.178344	  0.000000	  0.031847	
  0.910828	  0.000000	  0.025478	  0.063694	
  0.000000	  0.707006	  0.000000	  0.292994	
  1.000000	  0.000000	  0.000000	  0.000000	

MOTIF TCF12_disc3.POUR TCF12_H1-hESC_encode-Myers_seq_hsa_r1:Trawler#2#Intergenic

letter-probability matrix: alength= 4 w= 7 nsites= 20 E= 0
  0.000000	  0.000000	  1.000000	  0.000000	
  0.153846	  0.230769	  0.615385	  0.000000	
  0.000000	  0.000000	  0.384615	  0.615385	
  0.000000	  0.000000	  1.000000	  0.000000	
  0.000000	  1.000000	  0.000000	  0.000000	
  0.000000	  0.000000	  1.000000	  0.000000	
  0.076923	  0.346154	  0.576923	  0.000000	

MOTIF TCF12_disc4.POUR TCF12_GM12878_encode-Myers_seq_hsa_r1:Trawler#2#Intergenic

letter-probability matrix: alength= 4 w= 7 nsites= 20 E= 0
  1.000000	  0.000000	  0.000000	  0.000000	
  0.000000	  0.739130	  0.260870	  0.000000	
  0.000000	  1.000000	  0.000000	  0.000000	
  0.000000	  0.000000	  1.000000	  0.000000	
  0.913043	  0.000000	  0.086957	  0.000000	
  0.826087	  0.000000	  0.173913	  0.000000	
  0.652174	  0.217391	  0.043478	  0.086957	

MOTIF TCF12_disc5.POUR TCF12_H1-hESC_encode-Myers_seq_hsa_r1:AlignACE#3#Intergenic

letter-probability matrix: alength= 4 w= 10 nsites= 20 E= 0
  0.000000	  0.000000	  1.000000	  0.000000	
  0.268132	  0.191209	  0.426374	  0.114286	
  0.248352	  0.292308	  0.459341	  0.000000	
  0.276923	  0.470330	  0.252747	  0.000000	
  0.410989	  0.147253	  0.219780	  0.221978	
  0.000000	  0.318681	  0.681319	  0.000000	
  0.000000	  0.632967	  0.367033	  0.000000	
  0.408791	  0.000000	  0.147253	  0.443956	
  0.000000	  0.000000	  1.000000	  0.000000	
  0.000000	  0.351648	  0.648352	  0.000000	

MOTIF TCF12_disc6.POUR TCF12_H1-hESC_encode-Myers_seq_hsa_r1:Trawler#1#Intergenic

letter-probability matrix: alength= 4 w= 8 nsites= 20 E= 0
  0.000000	  0.000000	  0.000000	  1.000000	
  0.000000	  0.000000	  0.192308	  0.807692	
  0.000000	  1.000000	  0.000000	  0.000000	
  0.000000	  1.000000	  0.000000	  0.000000	
  0.576923	  0.038462	  0.038462	  0.346154	
  0.000000	  0.000000	  1.000000	  0.000000	
  0.000000	  0.000000	  0.884615	  0.115385	
  0.000000	  0.769231	  0.230769	  0.000000	

MOTIF TCF12_1.GUERTIN TCF12

letter-probability matrix: alength= 4 w= 8 nsites= 20 E= 0
  0.158261	  0.147826	  0.693913	  0.000000	
  0.000000	  1.000000	  0.000000	  0.000000	
  1.000000	  0.000000	  0.000000	  0.000000	
  0.000000	  0.076522	  0.923478	  0.000000	
  0.000000	  0.586087	  0.413913	  0.000000	
  0.000000	  0.000000	  0.000000	  1.000000	
  0.000000	  0.000000	  1.000000	  0.000000	
  0.080000	  0.210435	  0.441739	  0.267826	

MOTIF TCF12_2.GUERTIN TCF12

letter-probability matrix: alength= 4 w= 19 nsites= 20 E= 0
  1.000000	  0.000000	  0.000000	  0.000000	
  0.944444	  0.000000	  0.000000	  0.055556	
  0.055556	  0.944444	  0.000000	  0.000000	
  0.000000	  0.166667	  0.000000	  0.833333	
  0.944444	  0.000000	  0.055556	  0.000000	
  0.111111	  0.055556	  0.833333	  0.000000	
  1.000000	  0.000000	  0.000000	  0.000000	
  0.000000	  0.944444	  0.000000	  0.055556	
  0.777778	  0.000000	  0.222222	  0.000000	
  0.055556	  0.000000	  0.944444	  0.000000	
  0.944444	  0.000000	  0.000000	  0.055556	
  1.000000	  0.000000	  0.000000	  0.000000	
  0.000000	  0.000000	  0.777778	  0.222222	
  0.000000	  1.000000	  0.000000	  0.000000	
  1.000000	  0.000000	  0.000000	  0.000000	
  0.000000	  0.055556	  0.000000	  0.944444	
  0.000000	  0.000000	  0.000000	  1.000000	
  0.000000	  1.000000	  0.000000	  0.000000	
  0.000000	  0.000000	  0.000000	  1.000000	

MOTIF TCF12_3.GUERTIN TCF12

letter-probability matrix: alength= 4 w= 15 nsites= 20 E= 0
  0.825397	  0.000000	  0.174603	  0.000000	
  0.619048	  0.095238	  0.111111	  0.174603	
  0.325397	  0.079365	  0.507937	  0.087302	
  0.650794	  0.047619	  0.134921	  0.166667	
  0.317460	  0.023810	  0.642857	  0.015873	
  0.420635	  0.150794	  0.412698	  0.015873	
  0.761905	  0.182540	  0.039683	  0.015873	
  0.968254	  0.000000	  0.000000	  0.031746	
  0.238095	  0.317460	  0.444444	  0.000000	
  0.460317	  0.047619	  0.007937	  0.484127	
  0.285714	  0.000000	  0.682540	  0.031746	
  0.793651	  0.000000	  0.047619	  0.158730	
  0.460317	  0.119048	  0.412698	  0.007937	
  0.936508	  0.000000	  0.000000	  0.063492	
  0.317460	  0.253968	  0.317460	  0.111111	

MOTIF TCF12_4.GUERTIN TCF12

letter-probability matrix: alength= 4 w= 19 nsites= 20 E= 0
  1.000000	  0.000000	  0.000000	  0.000000	
  0.000000	  0.000000	  1.000000	  0.000000	
  0.875000	  0.000000	  0.062500	  0.062500	
  1.000000	  0.000000	  0.000000	  0.000000	
  0.875000	  0.000000	  0.062500	  0.062500	
  0.062500	  0.937500	  0.000000	  0.000000	
  0.062500	  0.062500	  0.000000	  0.875000	
  0.125000	  0.125000	  0.125000	  0.625000	
  0.062500	  0.937500	  0.000000	  0.000000	
  0.000000	  0.000000	  0.062500	  0.937500	
  0.062500	  0.062500	  0.000000	  0.875000	
  0.000000	  0.062500	  0.000000	  0.937500	
  0.000000	  0.000000	  1.000000	  0.000000	
  0.000000	  0.000000	  0.062500	  0.937500	
  0.000000	  0.000000	  0.937500	  0.062500	
  0.875000	  0.062500	  0.062500	  0.000000	
  0.000000	  0.125000	  0.000000	  0.875000	
  0.000000	  0.062500	  0.937500	  0.000000	
  0.062500	  0.062500	  0.000000	  0.875000	

MOTIF TCF12.1_1.ZLAB TCF12

letter-probability matrix: alength= 4 w= 10 nsites= 20 E= 0
  0.170213	  0.453191	  0.312766	  0.063830	
  0.504255	  0.087234	  0.165957	  0.242553	
  0.117021	  0.202128	  0.680851	  0.000000	
  0.000000	  1.000000	  0.000000	  0.000000	
  1.000000	  0.000000	  0.000000	  0.000000	
  0.000000	  0.072340	  0.927660	  0.000000	
  0.040426	  0.661702	  0.297872	  0.000000	
  0.000000	  0.000000	  0.000000	  1.000000	
  0.000000	  0.000000	  1.000000	  0.000000	
  0.027660	  0.251064	  0.314894	  0.406383	

MOTIF TCF12.1_2.ZLAB TCF12

letter-probability matrix: alength= 4 w= 14 nsites= 20 E= 0
  0.127820	  0.120301	  0.691729	  0.060150	
  0.571429	  0.097744	  0.285714	  0.045113	
  0.165414	  0.000000	  0.834586	  0.000000	
  0.150376	  0.000000	  0.849624	  0.000000	
  0.984962	  0.015038	  0.000000	  0.000000	
  0.879699	  0.000000	  0.090226	  0.030075	
  0.112782	  0.225564	  0.661654	  0.000000	
  0.127820	  0.060150	  0.075188	  0.736842	
  0.000000	  0.030075	  0.969925	  0.000000	
  0.781955	  0.000000	  0.142857	  0.075188	
  0.533835	  0.067669	  0.330827	  0.067669	
  0.766917	  0.000000	  0.120301	  0.112782	
  0.157895	  0.413534	  0.375940	  0.052632	
  0.187970	  0.285714	  0.090226	  0.436090	

MOTIF TCF12.1_3.ZLAB TCF12

letter-probability matrix: alength= 4 w= 7 nsites= 20 E= 0
  0.482490	  0.498054	  0.000000	  0.019455	
  0.000000	  1.000000	  0.000000	  0.000000	
  1.000000	  0.000000	  0.000000	  0.000000	
  0.000000	  0.186770	  0.649805	  0.163424	
  0.000000	  0.778210	  0.221790	  0.000000	
  0.182879	  0.000000	  0.000000	  0.817121	
  0.000000	  0.000000	  1.000000	  0.000000	

MOTIF TCF12.1_4.ZLAB TCF12

letter-probability matrix: alength= 4 w= 10 nsites= 20 E= 0
  0.163636	  0.581818	  0.000000	  0.254545	
  0.090909	  0.909091	  0.000000	  0.000000	
  0.345455	  0.490909	  0.000000	  0.163636	
  0.400000	  0.036364	  0.209091	  0.354545	
  0.200000	  0.772727	  0.027273	  0.000000	
  0.027273	  0.972727	  0.000000	  0.000000	
  0.000000	  1.000000	  0.000000	  0.000000	
  0.390909	  0.609091	  0.000000	  0.000000	
  0.000000	  1.000000	  0.000000	  0.000000	
  0.872727	  0.000000	  0.000000	  0.127273	

MOTIF TCF12.1_5.ZLAB TCF12

letter-probability matrix: alength= 4 w= 14 nsites= 20 E= 0
  0.134328	  0.358209	  0.194030	  0.313433	
  0.134328	  0.462687	  0.059701	  0.343284	
  0.328358	  0.313433	  0.119403	  0.238806	
  0.208955	  0.104478	  0.567164	  0.119403	
  0.373134	  0.208955	  0.044776	  0.373134	
  0.179104	  0.000000	  0.164179	  0.656716	
  0.417910	  0.208955	  0.074627	  0.298507	
  0.000000	  0.000000	  0.000000	  1.000000	
  0.000000	  0.044776	  0.835821	  0.119403	
  0.970149	  0.029851	  0.000000	  0.000000	
  0.119403	  0.417910	  0.462687	  0.000000	
  0.000000	  0.000000	  0.000000	  1.000000	
  0.119403	  0.850746	  0.000000	  0.029851	
  1.000000	  0.000000	  0.000000	  0.000000	

MOTIF Tcf12.TF2DNA Tcf12

letter-probability matrix: alength= 4 w= 7 nsites= 20 E= 0
  0.000000	  0.754000	  0.010000	  0.237000	
  0.000000	  1.000000	  0.000000	  0.000000	
  0.000000	  0.865000	  0.000000	  0.135000	
  0.000000	  0.857000	  0.143000	  0.000000	
  0.557000	  0.422000	  0.021000	  0.000000	
  0.940000	  0.009000	  0.031000	  0.019000	
  0.716000	  0.023000	  0.148000	  0.113000	

MOTIF TCF12.SWISSREGULON TAL1_TCF{3,4,12}.p2

letter-probability matrix: alength= 4 w= 13 nsites= 20 E= 0
  0.236207	  0.243283	  0.399685	  0.120825	
  0.844234	  0.014345	  0.120929	  0.020491	
  0.501214	  0.482357	  0.008715	  0.007714	
  0.033830	  0.811641	  0.089263	  0.065266	
  0.863833	  0.000000	  0.107815	  0.028351	
  0.062090	  0.044776	  0.144498	  0.748636	
  0.057677	  0.929884	  0.000000	  0.012439	
  0.000000	  0.000000	  0.000000	  1.000000	
  0.003392	  0.003599	  0.987838	  0.005171	
  0.000000	  0.115801	  0.709255	  0.174944	
  0.159666	  0.316998	  0.036585	  0.486750	
  0.437146	  0.011959	  0.171723	  0.379171	
  0.095443	  0.235308	  0.138065	  0.531185	

MOTIF M4479_1.02.CIS-BP TCF12

letter-probability matrix: alength= 4 w= 10 nsites= 20 E= 0
  0.182222	  0.451111	  0.313333	  0.053333	
  0.484444	  0.117778	  0.180000	  0.217778	
  0.155556	  0.206667	  0.637777	  0.000000	
  0.000000	  1.000000	  0.000000	  0.000000	
  1.000000	  0.000000	  0.000000	  0.000000	
  0.000000	  0.035556	  0.964444	  0.000000	
  0.062222	  0.593334	  0.344444	  0.000000	
  0.000000	  0.000000	  0.000000	  1.000000	
  0.000000	  0.000000	  1.000000	  0.000000	
  0.037778	  0.248889	  0.320000	  0.393333	

