MEME version 4.4

ALPHABET= ACGT

strands: + -

Background letter frequencies (from uniform background):
A 0.25000 C 0.25000 G 0.25000 T 0.25000 

MOTIF MA0523.1.JASPAR TCF7L2

letter-probability matrix: alength= 4 w= 13 nsites= 20 E= 0
  0.431710	  0.200573	  0.275310	  0.092407	
  0.733047	  0.032474	  0.133477	  0.101003	
  0.020296	  0.464900	  0.479465	  0.035339	
  0.667383	  0.006208	  0.000000	  0.326409	
  0.032951	  0.000000	  0.000000	  0.967049	
  0.037011	  0.788921	  0.174069	  0.000000	
  1.000000	  0.000000	  0.000000	  0.000000	
  0.979704	  0.003582	  0.016714	  0.000000	
  0.995463	  0.000000	  0.004537	  0.000000	
  0.072350	  0.008835	  0.918816	  0.000000	
  0.247135	  0.202722	  0.479465	  0.070678	
  0.333811	  0.268147	  0.288921	  0.109121	
  0.425501	  0.197230	  0.180755	  0.196514	

MOTIF TF7L2_f1.HOCOMOCO TF7L2

letter-probability matrix: alength= 4 w= 11 nsites= 20 E= 0
  0.567969	  0.119531	  0.223438	  0.089063	
  0.100000	  0.398438	  0.435156	  0.066406	
  0.667188	  0.029687	  0.009375	  0.293750	
  0.160938	  0.017969	  0.062500	  0.758594	
  0.076563	  0.817969	  0.096875	  0.008594	
  0.992188	  0.005469	  0.000000	  0.002344	
  0.971875	  0.014063	  0.013281	  0.000781	
  0.920312	  0.000000	  0.045312	  0.034375	
  0.046875	  0.021094	  0.927344	  0.004687	
  0.247656	  0.245312	  0.428906	  0.078125	
  0.253125	  0.318750	  0.332813	  0.095312	

MOTIF TCFL2.HOMER K562-TCF7L2-ChIP-Seq

letter-probability matrix: alength= 4 w= 9 nsites= 20 E= 0
  0.001000	  0.690000	  0.308000	  0.001000	
  0.497000	  0.001000	  0.001000	  0.501000	
  0.001000	  0.001000	  0.001000	  0.997000	
  0.001000	  0.997000	  0.001000	  0.001000	
  0.997000	  0.001000	  0.001000	  0.001000	
  0.997000	  0.001000	  0.001000	  0.001000	
  0.997000	  0.001000	  0.001000	  0.001000	
  0.019000	  0.001000	  0.979000	  0.001000	
  0.001000	  0.197000	  0.801000	  0.001000	

MOTIF TCF7L2_disc1.POUR TCF7L2_HCT-116_encode-Snyder_seq_hsa_r1:MDscan#1#Intergenic

letter-probability matrix: alength= 4 w= 9 nsites= 20 E= 0
  0.000000	  0.000000	  0.000000	  1.000000	
  0.000000	  0.000000	  1.000000	  0.000000	
  1.000000	  0.000000	  0.000000	  0.000000	
  0.091398	  0.376344	  0.446237	  0.086022	
  0.000000	  0.000000	  0.000000	  1.000000	
  0.000000	  1.000000	  0.000000	  0.000000	
  1.000000	  0.000000	  0.000000	  0.000000	
  0.000000	  0.360215	  0.274194	  0.365591	
  0.215054	  0.333333	  0.166667	  0.284946	

MOTIF TCF7L2_disc2.POUR TCF7L2_HepG2b_encode-Snyder_seq_hsa_r1:MDscan#1#Intergenic

letter-probability matrix: alength= 4 w= 9 nsites= 20 E= 0
  0.000000	  1.000000	  0.000000	  0.000000	
  0.043478	  0.000000	  0.000000	  0.956522	
  0.000000	  0.000000	  0.000000	  1.000000	
  0.000000	  0.000000	  0.000000	  1.000000	
  0.000000	  0.212560	  0.787440	  0.000000	
  1.000000	  0.000000	  0.000000	  0.000000	
  0.314010	  0.000000	  0.000000	  0.685990	
  0.000000	  0.492754	  0.507246	  0.000000	
  0.000000	  0.183575	  0.000000	  0.816425	

MOTIF UP00083_1.UNIPROBE Tcf7l2_primary

letter-probability matrix: alength= 4 w= 16 nsites= 20 E= 0
  0.276264	  0.157893	  0.258178	  0.307665	
  0.238788	  0.161120	  0.254018	  0.346074	
  0.076041	  0.333901	  0.150903	  0.439156	
  0.093376	  0.526578	  0.180529	  0.199517	
  0.010827	  0.880320	  0.034150	  0.074703	
  0.016546	  0.023834	  0.000940	  0.958680	
  0.007166	  0.008215	  0.001941	  0.982678	
  0.029634	  0.001363	  0.001379	  0.967625	
  0.010872	  0.031751	  0.926186	  0.031190	
  0.949407	  0.000760	  0.002581	  0.047253	
  0.109203	  0.001362	  0.002094	  0.887341	
  0.044198	  0.567994	  0.353059	  0.034749	
  0.222623	  0.142360	  0.041281	  0.593736	
  0.358872	  0.167597	  0.220534	  0.252997	
  0.233072	  0.141480	  0.230985	  0.394463	
  0.350703	  0.243129	  0.233961	  0.172207	

MOTIF UP00083_2.UNIPROBE Tcf7l2_secondary

letter-probability matrix: alength= 4 w= 15 nsites= 20 E= 0
  0.343832	  0.053760	  0.335039	  0.267370	
  0.398646	  0.155439	  0.350773	  0.095142	
  0.243249	  0.263909	  0.392482	  0.100361	
  0.701383	  0.026080	  0.011816	  0.260722	
  0.046173	  0.017492	  0.013618	  0.922717	
  0.021091	  0.851782	  0.056848	  0.070279	
  0.929741	  0.006317	  0.010629	  0.053312	
  0.933346	  0.014880	  0.030452	  0.021322	
  0.031035	  0.023593	  0.047296	  0.898077	
  0.118958	  0.690417	  0.013393	  0.177232	
  0.586949	  0.020115	  0.355384	  0.037552	
  0.135289	  0.382648	  0.271643	  0.210420	
  0.119054	  0.176178	  0.244626	  0.460142	
  0.361195	  0.202500	  0.109476	  0.326829	
  0.333147	  0.167907	  0.203356	  0.295590	

MOTIF UP00083.1.ZHAO2011 sci09.v1_Tcf7l2_3461

letter-probability matrix: alength= 4 w= 9 nsites= 20 E= 0
  0.110035	  0.358094	  0.407808	  0.124064	
  0.623932	  0.049702	  0.025688	  0.300678	
  0.138704	  0.030336	  0.016649	  0.814311	
  0.120446	  0.652756	  0.142765	  0.084032	
  0.867410	  0.015573	  0.014962	  0.102055	
  0.807168	  0.050579	  0.088547	  0.053706	
  0.717437	  0.020815	  0.109474	  0.152274	
  0.183758	  0.183758	  0.546547	  0.085937	
  0.269233	  0.189725	  0.397651	  0.143391	

MOTIF UP00083.2.ZHAO2011 sci09.v2_Tcf7l2_3461

letter-probability matrix: alength= 4 w= 9 nsites= 20 E= 0
  0.155485	  0.342594	  0.349515	  0.152406	
  0.515788	  0.094226	  0.077146	  0.312841	
  0.230002	  0.078893	  0.065897	  0.625209	
  0.168396	  0.500856	  0.199601	  0.131147	
  0.730033	  0.027746	  0.051065	  0.191156	
  0.658483	  0.090012	  0.104579	  0.146927	
  0.550789	  0.073065	  0.160992	  0.215154	
  0.235997	  0.226744	  0.396954	  0.140305	
  0.286427	  0.201842	  0.319733	  0.191998	

MOTIF TCF712_1.GUERTIN TCF7L2

letter-probability matrix: alength= 4 w= 15 nsites= 20 E= 0
  0.336449	  0.238318	  0.260125	  0.165109	
  0.367601	  0.202492	  0.299065	  0.130841	
  0.591900	  0.057632	  0.222741	  0.127726	
  0.076324	  0.461059	  0.420561	  0.042056	
  0.627726	  0.048287	  0.000000	  0.323988	
  0.152648	  0.000000	  0.000000	  0.847352	
  0.045171	  0.746106	  0.158879	  0.049844	
  0.998442	  0.001558	  0.000000	  0.000000	
  0.931464	  0.015576	  0.052960	  0.000000	
  0.968847	  0.000000	  0.031153	  0.000000	
  0.124611	  0.040498	  0.834891	  0.000000	
  0.253894	  0.183801	  0.468847	  0.093458	
  0.280374	  0.303738	  0.309969	  0.105919	
  0.395639	  0.235202	  0.221184	  0.147975	
  0.322430	  0.236760	  0.216511	  0.224299	

MOTIF TCF712_2.GUERTIN TCF7L2

letter-probability matrix: alength= 4 w= 8 nsites= 20 E= 0
  0.000000	  0.000000	  0.000000	  1.000000	
  0.000000	  0.000000	  1.000000	  0.000000	
  1.000000	  0.000000	  0.000000	  0.000000	
  0.120172	  0.690987	  0.188841	  0.000000	
  0.000000	  0.000000	  0.000000	  1.000000	
  0.137339	  0.862661	  0.000000	  0.000000	
  1.000000	  0.000000	  0.000000	  0.000000	
  0.090129	  0.231760	  0.377682	  0.300429	

MOTIF TCF712_3.GUERTIN TCF7L2

letter-probability matrix: alength= 4 w= 19 nsites= 20 E= 0
  0.000000	  0.700730	  0.299270	  0.000000	
  0.021898	  0.788321	  0.083942	  0.105839	
  0.000000	  0.124088	  0.656934	  0.218978	
  0.000000	  0.799270	  0.200730	  0.000000	
  0.069343	  0.572993	  0.138686	  0.218978	
  0.003650	  0.197080	  0.689781	  0.109489	
  0.000000	  0.912409	  0.087591	  0.000000	
  0.007299	  0.437956	  0.328467	  0.226277	
  0.003650	  0.405109	  0.496350	  0.094891	
  0.000000	  0.667883	  0.204380	  0.127737	
  0.062044	  0.722628	  0.145985	  0.069343	
  0.043796	  0.361314	  0.448905	  0.145985	
  0.000000	  0.700730	  0.299270	  0.000000	
  0.054745	  0.777372	  0.065693	  0.102190	
  0.072993	  0.277372	  0.441606	  0.208029	
  0.007299	  0.562044	  0.281022	  0.149635	
  0.003650	  0.682482	  0.142336	  0.171533	
  0.051095	  0.470803	  0.317518	  0.160584	
  0.000000	  0.733577	  0.233577	  0.032847	

MOTIF TCF712_4.GUERTIN TCF7L2

letter-probability matrix: alength= 4 w= 19 nsites= 20 E= 0
  0.000000	  0.952381	  0.047619	  0.000000	
  0.904762	  0.000000	  0.095238	  0.000000	
  0.000000	  0.952381	  0.000000	  0.047619	
  0.904762	  0.000000	  0.000000	  0.095238	
  0.000000	  1.000000	  0.000000	  0.000000	
  1.000000	  0.000000	  0.000000	  0.000000	
  0.000000	  1.000000	  0.000000	  0.000000	
  0.952381	  0.047619	  0.000000	  0.000000	
  0.142857	  0.809524	  0.047619	  0.000000	
  0.952381	  0.000000	  0.000000	  0.047619	
  0.047619	  0.809524	  0.095238	  0.047619	
  0.714286	  0.000000	  0.095238	  0.190476	
  0.047619	  0.952381	  0.000000	  0.000000	
  0.809524	  0.190476	  0.000000	  0.000000	
  0.000000	  1.000000	  0.000000	  0.000000	
  0.809524	  0.142857	  0.000000	  0.047619	
  0.000000	  0.809524	  0.095238	  0.095238	
  0.666667	  0.047619	  0.095238	  0.190476	
  0.095238	  0.904762	  0.000000	  0.000000	

MOTIF TCF7L2.1_1.ZLAB TCF7L2

letter-probability matrix: alength= 4 w= 10 nsites= 20 E= 0
  0.693446	  0.042283	  0.192389	  0.071882	
  0.016913	  0.446089	  0.505285	  0.031712	
  0.716702	  0.012685	  0.002114	  0.268499	
  0.061311	  0.000000	  0.010571	  0.928118	
  0.031712	  0.786469	  0.169133	  0.012685	
  1.000000	  0.000000	  0.000000	  0.000000	
  0.970402	  0.004228	  0.025370	  0.000000	
  0.961945	  0.000000	  0.027484	  0.010571	
  0.057082	  0.012685	  0.921776	  0.008457	
  0.194503	  0.243129	  0.482030	  0.080338	

MOTIF TCF7L2.1_2.ZLAB TCF7L2

letter-probability matrix: alength= 4 w= 10 nsites= 20 E= 0
  0.496970	  0.030303	  0.000000	  0.472727	
  0.412121	  0.181818	  0.290909	  0.115152	
  0.606061	  0.000000	  0.121212	  0.272727	
  0.242424	  0.018182	  0.690909	  0.048485	
  0.000000	  0.515152	  0.024242	  0.460606	
  0.933333	  0.066667	  0.000000	  0.000000	
  1.000000	  0.000000	  0.000000	  0.000000	
  1.000000	  0.000000	  0.000000	  0.000000	
  0.000000	  0.660606	  0.000000	  0.339394	
  1.000000	  0.000000	  0.000000	  0.000000	

MOTIF TCF7L2.1_3.ZLAB TCF7L2

letter-probability matrix: alength= 4 w= 20 nsites= 20 E= 0
  0.014493	  0.797101	  0.159420	  0.028986	
  0.289855	  0.449275	  0.000000	  0.260870	
  0.000000	  0.434783	  0.347826	  0.217391	
  0.159420	  0.362319	  0.217391	  0.260870	
  0.028986	  0.492754	  0.275362	  0.202899	
  0.028986	  0.826087	  0.072464	  0.072464	
  0.043478	  0.782609	  0.000000	  0.173913	
  0.043478	  0.159420	  0.173913	  0.623188	
  0.072464	  0.637681	  0.260870	  0.028986	
  0.000000	  0.681159	  0.115942	  0.202899	
  0.173913	  0.811594	  0.000000	  0.014493	
  0.086957	  0.652174	  0.000000	  0.260870	
  0.043478	  0.623188	  0.115942	  0.217391	
  0.420290	  0.101449	  0.173913	  0.304348	
  0.086957	  0.362319	  0.521739	  0.028986	
  0.000000	  0.492754	  0.289855	  0.217391	
  0.072464	  0.623188	  0.304348	  0.000000	
  0.000000	  0.768116	  0.000000	  0.231884	
  0.000000	  0.942029	  0.057971	  0.000000	
  0.043478	  0.463768	  0.000000	  0.492754	

MOTIF TCF7L2.1_4.ZLAB TCF7L2

letter-probability matrix: alength= 4 w= 10 nsites= 20 E= 0
  0.000000	  0.293103	  0.637931	  0.068966	
  0.034483	  0.689655	  0.155172	  0.120690	
  0.568966	  0.379310	  0.051724	  0.000000	
  0.706897	  0.000000	  0.293103	  0.000000	
  0.931034	  0.000000	  0.068966	  0.000000	
  0.017241	  0.000000	  0.982759	  0.000000	
  0.034483	  0.000000	  0.931034	  0.034483	
  0.137931	  0.000000	  0.103448	  0.758621	
  0.034483	  0.965517	  0.000000	  0.000000	
  1.000000	  0.000000	  0.000000	  0.000000	

MOTIF TCF7L2.1_5.ZLAB TCF7L2

letter-probability matrix: alength= 4 w= 7 nsites= 20 E= 0
  0.000000	  1.000000	  0.000000	  0.000000	
  0.515625	  0.000000	  0.140625	  0.343750	
  0.000000	  0.000000	  1.000000	  0.000000	
  0.000000	  0.000000	  1.000000	  0.000000	
  0.000000	  0.781250	  0.218750	  0.000000	
  0.593750	  0.000000	  0.000000	  0.406250	
  0.000000	  0.000000	  1.000000	  0.000000	

MOTIF TCF7L2.SWISSREGULON LEF1_TCF7_TCF7L1,2.p2

letter-probability matrix: alength= 4 w= 11 nsites= 20 E= 0
  0.164534	  0.506456	  0.175261	  0.153748	
  0.000000	  0.976936	  0.019359	  0.003705	
  0.005769	  0.034269	  0.000000	  0.959963	
  0.000000	  0.000000	  0.000904	  0.999096	
  0.001165	  0.001003	  0.000000	  0.997832	
  0.009967	  0.003137	  0.978997	  0.007899	
  0.640657	  0.005480	  0.001682	  0.352180	
  0.302385	  0.019364	  0.048469	  0.629783	
  0.084854	  0.466385	  0.400873	  0.047889	
  0.069479	  0.338541	  0.062843	  0.529137	
  0.050884	  0.331756	  0.160242	  0.457118	

MOTIF M2319_1.02.CIS-BP TCF7L2

letter-probability matrix: alength= 4 w= 13 nsites= 20 E= 0
  0.109121	  0.288921	  0.268147	  0.333811	
  0.070678	  0.479465	  0.202722	  0.247135	
  0.000000	  0.918816	  0.008835	  0.072350	
  0.000000	  0.004537	  0.000000	  0.995463	
  0.000000	  0.016714	  0.003582	  0.979704	
  0.000000	  0.000000	  0.000000	  1.000000	
  0.000000	  0.174069	  0.788921	  0.037011	
  0.967049	  0.000000	  0.000000	  0.032951	
  0.326409	  0.000000	  0.006208	  0.667383	
  0.035339	  0.479465	  0.464900	  0.020296	
  0.101003	  0.133477	  0.032474	  0.733047	
  0.092407	  0.275310	  0.200573	  0.431710	
  0.183142	  0.272206	  0.180516	  0.364136	

