MEME version 4.4

ALPHABET= ACGT

strands: + -

Background letter frequencies (from uniform background):
A 0.25000 C 0.25000 G 0.25000 T 0.25000 

MOTIF TEAD4_f1.HOCOMOCO TEAD4

letter-probability matrix: alength= 4 w= 11 nsites= 20 E= 0
  0.090909	  0.000000	  0.818182	  0.090909	
  0.454545	  0.090909	  0.454545	  0.000000	
  0.090909	  0.000000	  0.818182	  0.090909	
  0.363636	  0.545455	  0.000000	  0.090909	
  0.000000	  0.000000	  0.000000	  1.000000	
  0.636364	  0.000000	  0.363636	  0.000000	
  0.000000	  0.000000	  0.272727	  0.727273	
  0.000000	  0.000000	  0.000000	  1.000000	
  0.272727	  0.000000	  0.090909	  0.636364	
  0.000000	  0.090909	  0.000000	  0.909091	
  0.000000	  0.000000	  0.000000	  1.000000	

MOTIF TEAD4.HOMER Tropoblast-Tead4-ChIP-Seq

letter-probability matrix: alength= 4 w= 9 nsites= 20 E= 0
  0.157000	  0.462000	  0.242000	  0.139000	
  0.341000	  0.166000	  0.144000	  0.349000	
  0.033000	  0.011000	  0.914000	  0.042000	
  0.001000	  0.001000	  0.997000	  0.001000	
  0.739000	  0.088000	  0.019000	  0.154000	
  0.974000	  0.001000	  0.001000	  0.024000	
  0.001000	  0.001000	  0.001000	  0.997000	
  0.001000	  0.176000	  0.587000	  0.236000	
  0.055000	  0.497000	  0.001000	  0.448000	

MOTIF TEAD4_DBD.JOLMA TEAD4

letter-probability matrix: alength= 4 w= 9 nsites= 20 E= 0
  0.606773	  0.020696	  0.344309	  0.028222	
  0.289913	  0.675351	  0.022712	  0.012024	
  0.944860	  0.011215	  0.019626	  0.024299	
  0.020349	  0.000000	  0.000000	  0.979651	
  0.171774	  0.000000	  0.012903	  0.815323	
  0.000000	  0.956481	  0.017975	  0.025544	
  0.034776	  0.717530	  0.000710	  0.246984	
  0.433662	  0.062168	  0.171342	  0.332828	
  0.216617	  0.285856	  0.196835	  0.300692	

MOTIF TEAD4_1.GUERTIN TEAD4

letter-probability matrix: alength= 4 w= 8 nsites= 20 E= 0
  0.673546	  0.000000	  0.000000	  0.326454	
  0.000000	  0.000000	  1.000000	  0.000000	
  1.000000	  0.000000	  0.000000	  0.000000	
  0.000000	  0.000000	  0.000000	  1.000000	
  1.000000	  0.000000	  0.000000	  0.000000	
  1.000000	  0.000000	  0.000000	  0.000000	
  0.238274	  0.181989	  0.579737	  0.000000	
  0.397749	  0.181989	  0.322702	  0.097561	

MOTIF TEAD4_2.GUERTIN TEAD4

letter-probability matrix: alength= 4 w= 8 nsites= 20 E= 0
  0.504000	  0.000000	  0.000000	  0.496000	
  0.000000	  0.000000	  1.000000	  0.000000	
  0.000000	  0.000000	  1.000000	  0.000000	
  1.000000	  0.000000	  0.000000	  0.000000	
  1.000000	  0.000000	  0.000000	  0.000000	
  0.000000	  0.000000	  0.000000	  1.000000	
  0.000000	  0.136000	  0.760000	  0.104000	
  0.000000	  0.488000	  0.000000	  0.512000	

MOTIF TEAD4_3.GUERTIN TEAD4

letter-probability matrix: alength= 4 w= 15 nsites= 20 E= 0
  0.840909	  0.000000	  0.159091	  0.000000	
  1.000000	  0.000000	  0.000000	  0.000000	
  0.931818	  0.068182	  0.000000	  0.000000	
  1.000000	  0.000000	  0.000000	  0.000000	
  0.613636	  0.000000	  0.181818	  0.204545	
  0.704545	  0.000000	  0.272727	  0.022727	
  0.727273	  0.272727	  0.000000	  0.000000	
  0.818182	  0.136364	  0.000000	  0.045455	
  0.704545	  0.000000	  0.181818	  0.113636	
  0.681818	  0.181818	  0.068182	  0.068182	
  1.000000	  0.000000	  0.000000	  0.000000	
  0.840909	  0.136364	  0.000000	  0.022727	
  0.704545	  0.000000	  0.068182	  0.227273	
  0.613636	  0.000000	  0.227273	  0.159091	
  0.363636	  0.113636	  0.477273	  0.045455	

MOTIF TEAD4_4.GUERTIN TEAD4

letter-probability matrix: alength= 4 w= 19 nsites= 20 E= 0
  0.190909	  0.245455	  0.390909	  0.172727	
  0.090909	  0.354545	  0.218182	  0.336364	
  0.309091	  0.163636	  0.381818	  0.145455	
  0.072727	  0.118182	  0.581818	  0.227273	
  0.072727	  0.736364	  0.100000	  0.090909	
  0.000000	  0.972727	  0.027273	  0.000000	
  0.572727	  0.018182	  0.200000	  0.209091	
  0.027273	  0.481818	  0.463636	  0.027273	
  0.081818	  0.500000	  0.227273	  0.190909	
  0.890909	  0.000000	  0.045455	  0.063636	
  0.000000	  0.000000	  1.000000	  0.000000	
  0.254545	  0.027273	  0.709091	  0.009091	
  0.136364	  0.018182	  0.563636	  0.281818	
  0.081818	  0.000000	  0.900000	  0.018182	
  0.018182	  0.045455	  0.918182	  0.018182	
  0.200000	  0.736364	  0.018182	  0.045455	
  0.363636	  0.000000	  0.636364	  0.000000	
  0.045455	  0.427273	  0.500000	  0.027273	
  0.118182	  0.300000	  0.254545	  0.327273	

MOTIF M6509_1.02.CIS-BP TEAD4

letter-probability matrix: alength= 4 w= 11 nsites= 20 E= 0
  0.900990	  0.000000	  0.099010	  0.000000	
  0.633663	  0.099010	  0.000000	  0.267327	
  1.000000	  0.000000	  0.000000	  0.000000	
  0.732673	  0.267327	  0.000000	  0.000000	
  0.000000	  0.366337	  0.000000	  0.633663	
  1.000000	  0.000000	  0.000000	  0.000000	
  0.089109	  0.000000	  0.534653	  0.376238	
  0.089109	  0.811881	  0.000000	  0.099010	
  0.000000	  0.455446	  0.089109	  0.455446	
  0.089109	  0.811881	  0.000000	  0.099010	
  0.178218	  0.099010	  0.000000	  0.722772	

