MEME version 4.4

ALPHABET= ACGT

strands: + -

Background letter frequencies (from uniform background):
A 0.25000 C 0.25000 G 0.25000 T 0.25000 

MOTIF ZN143_si.HOCOMOCO ZN143

letter-probability matrix: alength= 4 w= 21 nsites= 20 E= 0
  0.153846	  0.653846	  0.076923	  0.115385	
  0.461538	  0.038462	  0.346154	  0.153846	
  0.423077	  0.115385	  0.192308	  0.269231	
  0.076923	  0.000000	  0.500000	  0.423077	
  0.000000	  0.000000	  1.000000	  0.000000	
  0.230769	  0.692308	  0.076923	  0.000000	
  0.884615	  0.115385	  0.000000	  0.000000	
  0.000000	  0.153846	  0.192308	  0.653846	
  0.000000	  0.153846	  0.384615	  0.461538	
  0.384615	  0.500000	  0.115385	  0.000000	
  0.000000	  0.000000	  0.076923	  0.923077	
  0.000000	  0.000000	  1.000000	  0.000000	
  0.000000	  0.000000	  1.000000	  0.000000	
  0.153846	  0.000000	  0.769231	  0.076923	
  0.730769	  0.038462	  0.076923	  0.153846	
  0.500000	  0.192308	  0.307692	  0.000000	
  0.307692	  0.076923	  0.307692	  0.307692	
  0.115385	  0.115385	  0.153846	  0.615385	
  0.269231	  0.346154	  0.384615	  0.000000	
  0.076923	  0.269231	  0.230769	  0.423077	
  0.384615	  0.230769	  0.076923	  0.307692	

MOTIF ZNF143|STAF.HOMER CUTLL-ZNF143-ChIP-Seq

letter-probability matrix: alength= 4 w= 14 nsites= 20 E= 0
  0.263000	  0.177000	  0.135000	  0.425000	
  0.063000	  0.340000	  0.087000	  0.510000	
  0.182000	  0.052000	  0.011000	  0.755000	
  0.001000	  0.997000	  0.001000	  0.001000	
  0.001000	  0.997000	  0.001000	  0.001000	
  0.001000	  0.997000	  0.001000	  0.001000	
  0.936000	  0.001000	  0.059000	  0.004000	
  0.042000	  0.114000	  0.527000	  0.317000	
  0.367000	  0.307000	  0.313000	  0.013000	
  0.804000	  0.045000	  0.148000	  0.003000	
  0.078000	  0.022000	  0.410000	  0.490000	
  0.028000	  0.380000	  0.484000	  0.107000	
  0.001000	  0.997000	  0.001000	  0.001000	
  0.234000	  0.386000	  0.015000	  0.366000	

MOTIF ZNF143_disc1.POUR ZNF143_GM12878_encode-Snyder_seq_hsa_16618-1-AP_r1:MDscan#2#Intergenic

letter-probability matrix: alength= 4 w= 9 nsites= 20 E= 0
  0.000000	  0.000000	  1.000000	  0.000000	
  0.000000	  0.000000	  1.000000	  0.000000	
  0.975000	  0.000000	  0.000000	  0.025000	
  0.412500	  0.120833	  0.383333	  0.083333	
  0.225000	  0.087500	  0.066667	  0.620833	
  0.000000	  0.083333	  0.000000	  0.916667	
  0.000000	  0.000000	  1.000000	  0.000000	
  0.000000	  0.000000	  0.000000	  1.000000	
  1.000000	  0.000000	  0.000000	  0.000000	

MOTIF ZNF143_disc2.POUR ZNF143_GM12878_encode-Snyder_seq_hsa_16618-1-AP_r1:MEME#1#Intergenic

letter-probability matrix: alength= 4 w= 9 nsites= 20 E= 0
  0.000000	  1.000000	  0.000000	  0.000000	
  0.000000	  0.086420	  0.004115	  0.909465	
  0.888889	  0.041152	  0.041152	  0.028807	
  0.000000	  0.987654	  0.000000	  0.012346	
  0.913581	  0.020576	  0.061728	  0.004115	
  0.650206	  0.053498	  0.032922	  0.263374	
  0.090535	  0.333333	  0.131687	  0.444444	
  0.028807	  0.037037	  0.000000	  0.934156	
  0.000000	  0.991770	  0.004115	  0.004115	

MOTIF ZNF143_disc3.POUR ZNF143_GM12878_encode-Snyder_seq_hsa_16618-1-AP_r1:AlignACE#1#Intergenic

letter-probability matrix: alength= 4 w= 18 nsites= 20 E= 0
  0.059545	  0.546409	  0.338004	  0.056042	
  0.290718	  0.332750	  0.231173	  0.145359	
  0.093695	  0.277583	  0.234676	  0.394046	
  0.105954	  0.258319	  0.402802	  0.232925	
  0.095447	  0.609456	  0.210158	  0.084939	
  0.136602	  0.263573	  0.178634	  0.421191	
  0.018389	  0.057793	  0.913310	  0.010508	
  0.024518	  0.063923	  0.911559	  0.000000	
  0.056042	  0.063923	  0.864273	  0.015762	
  0.501752	  0.190893	  0.192644	  0.114711	
  0.263573	  0.234676	  0.353765	  0.147986	
  0.201401	  0.210158	  0.279335	  0.309107	
  0.140105	  0.186515	  0.222417	  0.450963	
  0.030648	  0.067426	  0.893169	  0.008757	
  0.153240	  0.197023	  0.231173	  0.418564	
  0.576182	  0.106830	  0.296848	  0.020140	
  0.005254	  0.070928	  0.923818	  0.000000	
  0.021016	  0.188266	  0.267075	  0.523643	

MOTIF ZNF143_disc4.POUR ZNF143_GM12878_encode-Snyder_seq_hsa_16618-1-AP_r1:AlignACE#3#Intergenic

letter-probability matrix: alength= 4 w= 10 nsites= 20 E= 0
  0.000000	  0.590833	  0.409167	  0.000000	
  0.146667	  0.390833	  0.428333	  0.034167	
  0.206667	  0.265000	  0.528333	  0.000000	
  0.000000	  0.000000	  1.000000	  0.000000	
  0.250833	  0.439167	  0.310000	  0.000000	
  0.000000	  0.346667	  0.653333	  0.000000	
  0.000000	  0.470000	  0.392500	  0.137500	
  0.268333	  0.230000	  0.216667	  0.285000	
  0.000000	  0.326667	  0.673333	  0.000000	
  0.115833	  0.381667	  0.462500	  0.040000	

MOTIF ZNF143_DBD.JOLMA ZNF143

letter-probability matrix: alength= 4 w= 15 nsites= 20 E= 0
  0.587980	  0.000000	  0.008055	  0.403965	
  0.013019	  0.985741	  0.000620	  0.000620	
  0.001241	  0.998759	  0.000000	  0.000000	
  0.000000	  1.000000	  0.000000	  0.000000	
  0.995668	  0.000000	  0.002475	  0.001856	
  0.000000	  0.551082	  0.036659	  0.412260	
  0.740847	  0.081808	  0.177346	  0.000000	
  0.958537	  0.000000	  0.040854	  0.000610	
  0.003713	  0.000000	  0.000619	  0.995668	
  0.035607	  0.021726	  0.937236	  0.005432	
  0.000000	  1.000000	  0.000000	  0.000000	
  0.891459	  0.090747	  0.001779	  0.016014	
  0.137615	  0.425608	  0.005983	  0.430794	
  0.041599	  0.464111	  0.005302	  0.488989	
  0.187163	  0.010289	  0.743753	  0.058795	

MOTIF ZNF143_1.GUERTIN ZNF143

letter-probability matrix: alength= 4 w= 15 nsites= 20 E= 0
  0.066667	  0.328986	  0.515942	  0.088406	
  0.047826	  0.478261	  0.036232	  0.437681	
  0.084058	  0.015942	  0.739130	  0.160870	
  0.068116	  0.875362	  0.021739	  0.034783	
  0.010145	  0.959420	  0.000000	  0.030435	
  0.302899	  0.617391	  0.013043	  0.066667	
  0.008696	  0.595652	  0.005797	  0.389855	
  0.001449	  0.989855	  0.000000	  0.008696	
  0.044928	  0.055072	  0.027536	  0.872464	
  0.330435	  0.078261	  0.431884	  0.159420	
  0.023188	  0.369565	  0.571014	  0.036232	
  0.133333	  0.113043	  0.037681	  0.715942	
  0.007246	  0.005797	  0.969565	  0.017391	
  0.059420	  0.060870	  0.802899	  0.076812	
  0.166667	  0.468116	  0.091304	  0.273913	

MOTIF ZNF143_2.GUERTIN ZNF143

letter-probability matrix: alength= 4 w= 19 nsites= 20 E= 0
  0.000000	  0.057971	  0.043478	  0.898551	
  0.043478	  0.579710	  0.086957	  0.289855	
  0.014493	  0.840580	  0.014493	  0.130435	
  0.028986	  0.289855	  0.028986	  0.652174	
  0.057971	  0.695652	  0.000000	  0.246377	
  0.855072	  0.028986	  0.086957	  0.028986	
  0.028986	  0.072464	  0.057971	  0.840580	
  0.000000	  1.000000	  0.000000	  0.000000	
  0.014493	  0.072464	  0.000000	  0.913043	
  0.144928	  0.043478	  0.811594	  0.000000	
  0.028986	  0.101449	  0.028986	  0.840580	
  0.753623	  0.072464	  0.159420	  0.014493	
  0.855072	  0.057971	  0.043478	  0.043478	
  0.971014	  0.014493	  0.000000	  0.014493	
  0.927536	  0.000000	  0.072464	  0.000000	
  0.028986	  0.014493	  0.014493	  0.942029	
  0.014493	  0.000000	  0.956522	  0.028986	
  0.028986	  0.000000	  0.971014	  0.000000	
  0.043478	  0.043478	  0.913043	  0.000000	

MOTIF ZNF143_3.GUERTIN ZNF143

letter-probability matrix: alength= 4 w= 19 nsites= 20 E= 0
  0.111111	  0.707071	  0.060606	  0.121212	
  0.020202	  0.191919	  0.040404	  0.747475	
  0.070707	  0.202020	  0.030303	  0.696970	
  0.454545	  0.252525	  0.131313	  0.161616	
  0.575758	  0.212121	  0.171717	  0.040404	
  0.020202	  0.818182	  0.040404	  0.121212	
  0.030303	  0.797980	  0.030303	  0.141414	
  0.010101	  0.040404	  0.020202	  0.929293	
  0.000000	  0.929293	  0.000000	  0.070707	
  0.000000	  0.030303	  0.000000	  0.969697	
  0.030303	  0.878788	  0.050505	  0.040404	
  0.010101	  0.010101	  0.020202	  0.959596	
  0.040404	  0.050505	  0.909091	  0.000000	
  0.474747	  0.020202	  0.232323	  0.272727	
  0.111111	  0.080808	  0.777778	  0.030303	
  0.000000	  0.838384	  0.000000	  0.161616	
  0.010101	  0.808081	  0.020202	  0.161616	
  0.060606	  0.080808	  0.030303	  0.828283	
  0.030303	  0.757576	  0.070707	  0.141414	

MOTIF ZNF143_4.GUERTIN ZNF143

letter-probability matrix: alength= 4 w= 19 nsites= 20 E= 0
  0.000000	  0.017857	  0.000000	  0.982143	
  0.000000	  0.035714	  0.946429	  0.017857	
  0.017857	  0.000000	  0.035714	  0.946429	
  0.000000	  0.000000	  1.000000	  0.000000	
  0.000000	  0.035714	  0.017857	  0.946429	
  0.053571	  0.000000	  0.910714	  0.035714	
  0.714286	  0.035714	  0.142857	  0.107143	
  0.000000	  0.857143	  0.035714	  0.107143	
  0.053571	  0.607143	  0.000000	  0.339286	
  0.017857	  0.107143	  0.035714	  0.839286	
  0.035714	  0.125000	  0.071429	  0.767857	
  0.232143	  0.125000	  0.607143	  0.035714	
  0.214286	  0.017857	  0.678571	  0.089286	
  0.089286	  0.035714	  0.875000	  0.000000	
  0.125000	  0.642857	  0.017857	  0.214286	
  0.767857	  0.089286	  0.071429	  0.071429	
  0.767857	  0.017857	  0.160714	  0.053571	
  0.160714	  0.035714	  0.750000	  0.053571	
  0.035714	  0.125000	  0.017857	  0.821429	

MOTIF ZNF143.4_1.ZLAB ZNF143

letter-probability matrix: alength= 4 w= 16 nsites= 20 E= 0
  0.002227	  0.997773	  0.000000	  0.000000	
  0.000000	  0.046771	  0.000000	  0.953229	
  0.908686	  0.048998	  0.024499	  0.017817	
  0.000000	  0.986637	  0.006682	  0.006682	
  0.848552	  0.046771	  0.095768	  0.008909	
  0.523385	  0.095768	  0.084633	  0.296214	
  0.095768	  0.360802	  0.095768	  0.447661	
  0.035635	  0.055679	  0.013363	  0.895323	
  0.011136	  0.962138	  0.002227	  0.024499	
  0.000000	  1.000000	  0.000000	  0.000000	
  0.004454	  0.986637	  0.000000	  0.008909	
  0.824053	  0.006682	  0.155902	  0.013363	
  0.053452	  0.095768	  0.746102	  0.104677	
  0.338530	  0.409800	  0.224944	  0.026726	
  0.708241	  0.048998	  0.229399	  0.013363	
  0.086860	  0.055679	  0.405345	  0.452116	

MOTIF ZNF143.4_2.ZLAB ZNF143

letter-probability matrix: alength= 4 w= 20 nsites= 20 E= 0
  0.921053	  0.063158	  0.015789	  0.000000	
  0.021053	  0.952632	  0.005263	  0.021053	
  0.000000	  0.131579	  0.005263	  0.863158	
  0.757895	  0.126316	  0.047368	  0.068421	
  0.015789	  0.942105	  0.010526	  0.031579	
  0.747368	  0.063158	  0.163158	  0.026316	
  0.542105	  0.073684	  0.131579	  0.252632	
  0.115789	  0.352632	  0.178947	  0.352632	
  0.063158	  0.094737	  0.047368	  0.794737	
  0.036842	  0.936842	  0.000000	  0.026316	
  0.000000	  0.989474	  0.005263	  0.005263	
  0.000000	  0.963158	  0.000000	  0.036842	
  0.726316	  0.015789	  0.236842	  0.021053	
  0.163158	  0.078947	  0.621053	  0.136842	
  0.326316	  0.410526	  0.215789	  0.047368	
  0.684211	  0.015789	  0.257895	  0.042105	
  0.084211	  0.078947	  0.421053	  0.415789	
  0.089474	  0.257895	  0.568421	  0.084211	
  0.042105	  0.852632	  0.047368	  0.057895	
  0.247368	  0.463158	  0.047368	  0.242105	

MOTIF ZNF143.4_3.ZLAB ZNF143

letter-probability matrix: alength= 4 w= 28 nsites= 20 E= 0
  0.000000	  0.454545	  0.000000	  0.545455	
  0.181818	  0.000000	  0.818182	  0.000000	
  0.000000	  0.000000	  0.000000	  1.000000	
  0.000000	  0.000000	  1.000000	  0.000000	
  0.909091	  0.090909	  0.000000	  0.000000	
  0.000000	  0.818182	  0.000000	  0.181818	
  0.000000	  0.454545	  0.000000	  0.545455	
  0.545455	  0.000000	  0.363636	  0.090909	
  0.454545	  0.272727	  0.181818	  0.090909	
  0.363636	  0.000000	  0.636364	  0.000000	
  0.000000	  0.000000	  0.181818	  0.818182	
  0.000000	  0.000000	  0.000000	  1.000000	
  0.181818	  0.272727	  0.090909	  0.454545	
  0.000000	  0.181818	  0.090909	  0.727273	
  0.181818	  0.000000	  0.818182	  0.000000	
  0.181818	  0.000000	  0.818182	  0.000000	
  0.000000	  1.000000	  0.000000	  0.000000	
  0.000000	  1.000000	  0.000000	  0.000000	
  1.000000	  0.000000	  0.000000	  0.000000	
  0.909091	  0.090909	  0.000000	  0.000000	
  0.090909	  0.000000	  0.000000	  0.909091	
  0.181818	  0.000000	  0.818182	  0.000000	
  0.181818	  0.090909	  0.727273	  0.000000	
  0.272727	  0.000000	  0.727273	  0.000000	
  0.818182	  0.000000	  0.181818	  0.000000	
  0.000000	  0.181818	  0.000000	  0.818182	
  0.363636	  0.000000	  0.636364	  0.000000	
  0.272727	  0.090909	  0.000000	  0.636364	

MOTIF ZNF143.4_4.ZLAB ZNF143

letter-probability matrix: alength= 4 w= 14 nsites= 20 E= 0
  0.279070	  0.023256	  0.674419	  0.023256	
  0.302326	  0.116279	  0.418605	  0.162791	
  0.093023	  0.023256	  0.395349	  0.488372	
  0.000000	  0.000000	  1.000000	  0.000000	
  0.046512	  0.720930	  0.162791	  0.069767	
  0.511628	  0.372093	  0.069767	  0.046512	
  0.000000	  0.209302	  0.000000	  0.790698	
  0.046512	  0.000000	  0.744186	  0.209302	
  0.046512	  0.860465	  0.093023	  0.000000	
  0.023256	  0.279070	  0.023256	  0.674419	
  0.000000	  0.023256	  0.976744	  0.000000	
  0.000000	  0.000000	  1.000000	  0.000000	
  0.069767	  0.000000	  0.930233	  0.000000	
  0.883721	  0.000000	  0.116279	  0.000000	

MOTIF ZNF143.4_5.ZLAB ZNF143

letter-probability matrix: alength= 4 w= 14 nsites= 20 E= 0
  0.074074	  0.000000	  0.925926	  0.000000	
  0.037037	  0.000000	  0.962963	  0.000000	
  0.074074	  0.000000	  0.925926	  0.000000	
  0.777778	  0.111111	  0.037037	  0.074074	
  0.185185	  0.259259	  0.333333	  0.222222	
  0.111111	  0.259259	  0.074074	  0.555556	
  0.000000	  0.222222	  0.000000	  0.777778	
  0.037037	  0.000000	  0.962963	  0.000000	
  0.074074	  0.148148	  0.037037	  0.740741	
  1.000000	  0.000000	  0.000000	  0.000000	
  0.000000	  0.037037	  0.925926	  0.037037	
  0.000000	  0.000000	  0.111111	  0.888889	
  0.000000	  0.407407	  0.000000	  0.592593	
  0.074074	  0.592593	  0.037037	  0.296296	

MOTIF ZNF143-ext.1_1.ZLAB ZNF143-ext

letter-probability matrix: alength= 4 w= 20 nsites= 20 E= 0
  0.568750	  0.018750	  0.406250	  0.006250	
  0.981250	  0.018750	  0.000000	  0.000000	
  0.006250	  0.993750	  0.000000	  0.000000	
  0.006250	  0.031250	  0.000000	  0.962500	
  0.906250	  0.056250	  0.031250	  0.006250	
  0.000000	  0.981250	  0.012500	  0.006250	
  0.881250	  0.037500	  0.062500	  0.018750	
  0.481250	  0.112500	  0.118750	  0.287500	
  0.100000	  0.275000	  0.150000	  0.475000	
  0.025000	  0.062500	  0.025000	  0.887500	
  0.012500	  0.943750	  0.000000	  0.043750	
  0.000000	  1.000000	  0.000000	  0.000000	
  0.000000	  1.000000	  0.000000	  0.000000	
  0.781250	  0.012500	  0.206250	  0.000000	
  0.100000	  0.100000	  0.725000	  0.075000	
  0.393750	  0.381250	  0.206250	  0.018750	
  0.731250	  0.018750	  0.250000	  0.000000	
  0.081250	  0.037500	  0.487500	  0.393750	
  0.075000	  0.175000	  0.700000	  0.050000	
  0.018750	  0.925000	  0.031250	  0.025000	

MOTIF ZNF143-ext.1_2.ZLAB ZNF143-ext

letter-probability matrix: alength= 4 w= 14 nsites= 20 E= 0
  0.004405	  0.096916	  0.026432	  0.872247	
  0.114537	  0.867841	  0.000000	  0.017621	
  0.004405	  0.057269	  0.022026	  0.916300	
  0.000000	  1.000000	  0.000000	  0.000000	
  0.070485	  0.000000	  0.929515	  0.000000	
  0.004405	  0.973568	  0.000000	  0.022026	
  0.000000	  0.000000	  1.000000	  0.000000	
  0.907489	  0.000000	  0.083700	  0.008811	
  0.004405	  0.066079	  0.748899	  0.180617	
  0.854626	  0.013216	  0.074890	  0.057269	
  0.202643	  0.189427	  0.211454	  0.396476	
  0.000000	  0.493392	  0.083700	  0.422907	
  0.105727	  0.220264	  0.092511	  0.581498	
  0.052863	  0.277533	  0.590308	  0.079295	

MOTIF ZNF143-ext.1_3.ZLAB ZNF143-ext

letter-probability matrix: alength= 4 w= 20 nsites= 20 E= 0
  0.230769	  0.019231	  0.461538	  0.288462	
  0.076923	  0.076923	  0.807692	  0.038462	
  0.115385	  0.365385	  0.442308	  0.076923	
  0.384615	  0.423077	  0.115385	  0.076923	
  0.134615	  0.211538	  0.038462	  0.615385	
  0.076923	  0.134615	  0.442308	  0.346154	
  0.038462	  0.788462	  0.096154	  0.076923	
  0.019231	  0.192308	  0.000000	  0.788462	
  0.019231	  0.000000	  0.980769	  0.000000	
  0.000000	  0.000000	  1.000000	  0.000000	
  0.019231	  0.000000	  0.980769	  0.000000	
  0.807692	  0.057692	  0.134615	  0.000000	
  0.423077	  0.076923	  0.326923	  0.173077	
  0.288462	  0.134615	  0.115385	  0.461538	
  0.019231	  0.173077	  0.057692	  0.750000	
  0.038462	  0.019231	  0.923077	  0.019231	
  0.076923	  0.038462	  0.192308	  0.692308	
  0.903846	  0.000000	  0.096154	  0.000000	
  0.000000	  0.000000	  1.000000	  0.000000	
  0.000000	  0.019231	  0.038462	  0.942308	

MOTIF ZNF143-ext.1_4.ZLAB ZNF143-ext

letter-probability matrix: alength= 4 w= 28 nsites= 20 E= 0
  0.000000	  0.750000	  0.000000	  0.250000	
  0.650000	  0.250000	  0.000000	  0.100000	
  0.050000	  0.800000	  0.000000	  0.150000	
  0.000000	  0.300000	  0.050000	  0.650000	
  0.000000	  0.950000	  0.000000	  0.050000	
  0.950000	  0.000000	  0.050000	  0.000000	
  0.000000	  0.900000	  0.050000	  0.050000	
  0.000000	  0.050000	  0.000000	  0.950000	
  0.800000	  0.100000	  0.100000	  0.000000	
  0.000000	  0.250000	  0.000000	  0.750000	
  0.000000	  1.000000	  0.000000	  0.000000	
  0.950000	  0.000000	  0.050000	  0.000000	
  0.000000	  1.000000	  0.000000	  0.000000	
  0.300000	  0.000000	  0.700000	  0.000000	
  1.000000	  0.000000	  0.000000	  0.000000	
  0.250000	  0.000000	  0.750000	  0.000000	
  0.700000	  0.000000	  0.000000	  0.300000	
  0.650000	  0.050000	  0.000000	  0.300000	
  0.300000	  0.650000	  0.000000	  0.050000	
  0.650000	  0.000000	  0.050000	  0.300000	
  0.050000	  0.000000	  0.950000	  0.000000	
  0.000000	  0.950000	  0.000000	  0.050000	
  0.900000	  0.000000	  0.100000	  0.000000	
  0.100000	  0.300000	  0.300000	  0.300000	
  0.050000	  0.150000	  0.550000	  0.250000	
  0.100000	  0.250000	  0.600000	  0.050000	
  0.300000	  0.000000	  0.700000	  0.000000	
  0.500000	  0.000000	  0.500000	  0.000000	

MOTIF ZNF143-ext.1_5.ZLAB ZNF143-ext

letter-probability matrix: alength= 4 w= 14 nsites= 20 E= 0
  0.166667	  0.438596	  0.184211	  0.210526	
  0.096491	  0.491228	  0.201754	  0.210526	
  0.087719	  0.385965	  0.254386	  0.271930	
  0.131579	  0.570175	  0.210526	  0.087719	
  0.570175	  0.008772	  0.307018	  0.114035	
  0.000000	  0.771930	  0.000000	  0.228070	
  0.000000	  0.000000	  0.000000	  1.000000	
  0.000000	  0.000000	  0.000000	  1.000000	
  0.000000	  1.000000	  0.000000	  0.000000	
  0.000000	  0.991228	  0.000000	  0.008772	
  0.000000	  0.017544	  0.754386	  0.228070	
  0.000000	  0.368421	  0.587719	  0.043860	
  0.114035	  0.456140	  0.000000	  0.429825	
  0.035088	  0.342105	  0.228070	  0.394737	

MOTIF Znf143.TF2DNA Znf143

letter-probability matrix: alength= 4 w= 8 nsites= 20 E= 0
  0.230000	  0.000000	  0.702000	  0.068000	
  0.419000	  0.009000	  0.494000	  0.078000	
  0.000000	  0.917000	  0.000000	  0.083000	
  0.749000	  0.057000	  0.095000	  0.099000	
  0.923000	  0.000000	  0.077000	  0.000000	
  1.000000	  0.000000	  0.000000	  0.000000	
  0.848000	  0.000000	  0.000000	  0.152000	
  0.249000	  0.251000	  0.253000	  0.246000	

MOTIF ZNF143.SWISSREGULON ZNF143.p2

letter-probability matrix: alength= 4 w= 19 nsites= 20 E= 0
  0.627398	  0.159409	  0.174111	  0.039082	
  0.363303	  0.213673	  0.135189	  0.287835	
  0.014993	  0.462475	  0.165267	  0.357265	
  0.075004	  0.036127	  0.008942	  0.879926	
  0.000000	  0.948868	  0.000000	  0.051132	
  0.000000	  1.000000	  0.000000	  0.000000	
  0.000000	  0.993964	  0.000000	  0.006036	
  0.897902	  0.000000	  0.069006	  0.033093	
  0.044908	  0.083930	  0.784274	  0.086889	
  0.357685	  0.390453	  0.251861	  0.000000	
  0.693460	  0.057236	  0.228422	  0.020882	
  0.071985	  0.033049	  0.141129	  0.753837	
  0.087368	  0.096012	  0.729248	  0.087372	
  0.000000	  0.984973	  0.008988	  0.006040	
  0.237001	  0.519612	  0.015069	  0.228317	
  0.122989	  0.471608	  0.150297	  0.255107	
  0.033150	  0.555041	  0.020973	  0.390837	
  0.048079	  0.018073	  0.900760	  0.033088	
  0.044996	  0.801736	  0.135189	  0.018078	

MOTIF M4484_1.02.CIS-BP ZNF143

letter-probability matrix: alength= 4 w= 14 nsites= 20 E= 0
  0.004415	  0.203091	  0.000000	  0.792494	
  0.004415	  0.000000	  0.991170	  0.004415	
  0.000000	  0.000000	  1.000000	  0.000000	
  0.015453	  0.002208	  0.971301	  0.011038	
  0.896247	  0.017660	  0.046358	  0.039735	
  0.412804	  0.119205	  0.364238	  0.103753	
  0.247241	  0.101545	  0.099338	  0.551876	
  0.004415	  0.099338	  0.030905	  0.865342	
  0.008830	  0.000000	  0.991170	  0.000000	
  0.035320	  0.035320	  0.046358	  0.883002	
  0.920530	  0.000000	  0.079470	  0.000000	
  0.000000	  0.000000	  0.997792	  0.002208	
  0.000000	  0.000000	  0.030905	  0.969095	
  0.011038	  0.525386	  0.039735	  0.423841	

